-1.29441 -0.599989 0.0059008
-1.29441 -0.599989 0.0059008
-1.29441 -0.599989 0.0059008
-1.29441 -0.599989 0.0059008
-1.29441 -0.599989 0.0059008
-1.29441 -0.599989 0.0059008
-1.29441 -0.599989 0.0059008
-1.29441 -0.599989 0.0059008
-1.29441 -0.599989 0.0059008
-1.29441 -0.599989 0.0059008
-1.29282 -0.599992 -0.0217938
-1.29282 -0.599992 -0.0217938
-1.29282 -0.599992 -0.0217938
-1.29282 -0.599992 -0.0217938
-1.29282 -0.599992 -0.0217938
-1.29282 -0.599992 -0.0217938
-1.29282 -0.599992 -0.0217938
-1.29282 -0.599992 -0.0217938
-1.29282 -0.599992 -0.0217938
-1.29282 -0.599992 -0.0217938
-1.29195 -0.600077 -0.0322639
-1.29195 -0.600077 -0.0322639
-1.29195 -0.600077 -0.0322639
-1.29195 -0.600077 -0.0322639
-1.29195 -0.600077 -0.0322639
-1.29195 -0.600077 -0.0322639
-1.29195 -0.600077 -0.0322639
-1.29195 -0.600077 -0.0322639
-1.29195 -0.600077 -0.0322639
-1.29195 -0.600077 -0.0322639
-1.28838 -0.599979 0.0530791
-1.28838 -0.599979 0.0530791
-1.28838 -0.599979 0.0530791
-1.28838 -0.599979 0.0530791
-1.28838 -0.599979 0.0530791
-1.28838 -0.599979 0.0530791
-1.28838 -0.599979 0.0530791
-1.28838 -0.599979 0.0530791
-1.28838 -0.599979 0.0530791
-1.28838 -0.599979 0.0530791
-1.28252 -0.599155 0.157794
-1.28252 -0.599155 0.157794
-1.28252 -0.599155 0.157794
-1.28252 -0.599155 0.157794
-1.28252 -0.599155 0.157794
-1.28252 -0.599155 0.157794
-1.28252 -0.599155 0.157794
-1.28252 -0.599155 0.157794
-1.28252 -0.599155 0.157794
-1.28252 -0.599155 0.157794
-1.26873 -0.595195 0.393318
-1.26873 -0.595195 0.393318
-1.26873 -0.595195 0.393318
-1.26873 -0.595195 0.393318
-1.26873 -0.595195 0.393318
-1.26873 -0.595195 0.393318
-1.26873 -0.595195 0.393318
-1.26873 -0.595195 0.393318
-1.26873 -0.595195 0.393318
-1.26873 -0.595195 0.393318
-1.26262 -0.592522 0.470163
-1.26262 -0.592522 0.470163
-1.26262 -0.592522 0.470163
-1.26262 -0.592522 0.470163
-1.26262 -0.592522 0.470163
-1.26262 -0.592522 0.470163
-1.26262 -0.592522 0.470163
-1.26262 -0.592522 0.470163
-1.26262 -0.592522 0.470163
-1.26262 -0.592522 0.470163
-1.26134 -0.591859 0.487934
-1.26134 -0.591859 0.487934
-1.26134 -0.591859 0.487934
-1.26134 -0.591859 0.487934
-1.26134 -0.591859 0.487934
-1.26134 -0.591859 0.487934
-1.26134 -0.591859 0.487934
-1.26134 -0.591859 0.487934
-1.26134 -0.591859 0.487934
-1.26134 -0.591859 0.487934
-1.26534 -0.593871 0.422872
-1.26534 -0.593871 0.422872
-1.26534 -0.593871 0.422872
-1.26534 -0.593871 0.422872
-1.26534 -0.593871 0.422872
-1.26534 -0.593871 0.422872
-1.26534 -0.593871 0.422872
-1.26534 -0.593871 0.422872
-1.26534 -0.593871 0.422872
-1.26534 -0.593871 0.422872
-1.26911 -0.595136 0.330615
-1.26911 -0.595136 0.330615
-1.26911 -0.595136 0.330615
-1.26911 -0.595136 0.330615
-1.26911 -0.595136 0.330615
-1.26911 -0.595136 0.330615
-1.26911 -0.595136 0.330615
-1.26911 -0.595136 0.330615
-1.26911 -0.595136 0.330615
-1.26911 -0.595136 0.330615
-1.269 -0.594682 0.25845
-1.269 -0.594682 0.25845
-1.269 -0.594682 0.25845
-1.269 -0.594682 0.25845
-1.269 -0.594682 0.25845
-1.269 -0.594682 0.25845
-1.269 -0.594682 0.25845
-1.269 -0.594682 0.25845
-1.269 -0.594682 0.25845
-1.269 -0.594682 0.25845
-1.26125 -0.592254 0.199017
-1.26125 -0.592254 0.199017
-1.26125 -0.592254 0.199017
-1.26125 -0.592254 0.199017
-1.26125 -0.592254 0.199017
-1.26125 -0.592254 0.199017
-1.26125 -0.592254 0.199017
-1.26125 -0.592254 0.199017
-1.26125 -0.592254 0.199017
-1.26125 -0.592254 0.199017
-1.2493 -0.58987 0.206512
-1.2493 -0.58987 0.206512
-1.2493 -0.58987 0.206512
-1.2493 -0.58987 0.206512
-1.2493 -0.58987 0.206512
-1.2493 -0.58987 0.206512
-1.2493 -0.58987 0.206512
-1.2493 -0.58987 0.206512
-1.2493 -0.58987 0.206512
-1.2493 -0.58987 0.206512
-1.23054 -0.585102 0.300527
-1.23054 -0.585102 0.300527
-1.23054 -0.585102 0.300527
-1.23054 -0.585102 0.300527
-1.23054 -0.585102 0.300527
-1.23054 -0.585102 0.300527
-1.23054 -0.585102 0.300527
-1.23054 -0.585102 0.300527
-1.23054 -0.585102 0.300527
-1.23054 -0.585102 0.300527
-1.2093 -0.57735 0.395211
-1.2093 -0.57735 0.395211
-1.2093 -0.57735 0.395211
-1.2093 -0.57735 0.395211
-1.2093 -0.57735 0.395211
-1.2093 -0.57735 0.395211
-1.2093 -0.57735 0.395211
-1.2093 -0.57735 0.395211
-1.2093 -0.57735 0.395211
-1.2093 -0.57735 0.395211
-1.19187 -0.569328 0.465345
-1.19187 -0.569328 0.465345
-1.19187 -0.569328 0.465345
-1.19187 -0.569328 0.465345
-1.19187 -0.569328 0.465345
-1.19187 -0.569328 0.465345
-1.19187 -0.569328 0.465345
-1.19187 -0.569328 0.465345
-1.19187 -0.569328 0.465345
-1.19187 -0.569328 0.465345
-1.17832 -0.562962 0.526327
-1.17832 -0.562962 0.526327
-1.17832 -0.562962 0.526327
-1.17832 -0.562962 0.526327
-1.17832 -0.562962 0.526327
-1.17832 -0.562962 0.526327
-1.17832 -0.562962 0.526327
-1.17832 -0.562962 0.526327
-1.17832 -0.562962 0.526327
-1.17832 -0.562962 0.526327
-1.17382 -0.560551 0.532484
-1.17382 -0.560551 0.532484
-1.17382 -0.560551 0.532484
-1.17382 -0.560551 0.532484
-1.17382 -0.560551 0.532484
-1.17382 -0.560551 0.532484
-1.17382 -0.560551 0.532484
-1.17382 -0.560551 0.532484
-1.17382 -0.560551 0.532484
-1.17382 -0.560551 0.532484
-1.17308 -0.560053 0.462276
-1.17308 -0.560053 0.462276
-1.17308 -0.560053 0.462276
-1.17308 -0.560053 0.462276
-1.17308 -0.560053 0.462276
-1.17308 -0.560053 0.462276
-1.17308 -0.560053 0.462276
-1.17308 -0.560053 0.462276
-1.17308 -0.560053 0.462276
-1.17308 -0.560053 0.462276
-1.16905 -0.55808 0.406665
-1.16905 -0.55808 0.406665
-1.16905 -0.55808 0.406665
-1.16905 -0.55808 0.406665
-1.16905 -0.55808 0.406665
-1.16905 -0.55808 0.406665
-1.16905 -0.55808 0.406665
-1.16905 -0.55808 0.406665
-1.16905 -0.55808 0.406665
-1.16905 -0.55808 0.406665
-1.16468 -0.556256 0.300094
-1.16468 -0.556256 0.300094
-1.16468 -0.556256 0.300094
-1.16468 -0.556256 0.300094
-1.16468 -0.556256 0.300094
-1.16468 -0.556256 0.300094
-1.16468 -0.556256 0.300094
-1.16468 -0.556256 0.300094
-1.16468 -0.556256 0.300094
-1.16468 -0.556256 0.300094
-1.15555 -0.553636 0.251242
-1.15555 -0.553636 0.251242
-1.15555 -0.553636 0.251242
-1.15555 -0.553636 0.251242
-1.15555 -0.553636 0.251242
-1.15555 -0.553636 0.251242
-1.15555 -0.553636 0.251242
-1.15555 -0.553636 0.251242
-1.15555 -0.553636 0.251242
-1.15555 -0.553636 0.251242
-1.14108 -0.550096 0.235151
-1.14108 -0.550096 0.235151
-1.14108 -0.550096 0.235151
-1.14108 -0.550096 0.235151
-1.14108 -0.550096 0.235151
-1.14108 -0.550096 0.235151
-1.14108 -0.550096 0.235151
-1.14108 -0.550096 0.235151
-1.14108 -0.550096 0.235151
-1.14108 -0.550096 0.235151
-1.12818 -0.547709 0.126909
-1.12818 -0.547709 0.126909
-1.12818 -0.547709 0.126909
-1.12818 -0.547709 0.126909
-1.12818 -0.547709 0.126909
-1.12818 -0.547709 0.126909
-1.12818 -0.547709 0.126909
-1.12818 -0.547709 0.126909
-1.12818 -0.547709 0.126909
-1.12818 -0.547709 0.126909
-1.11896 -0.54697 0.0294298
-1.11896 -0.54697 0.0294298
-1.11896 -0.54697 0.0294298
-1.11896 -0.54697 0.0294298
-1.11896 -0.54697 0.0294298
-1.11896 -0.54697 0.0294298
-1.11896 -0.54697 0.0294298
-1.11896 -0.54697 0.0294298
-1.11896 -0.54697 0.0294298
-1.11896 -0.54697 0.0294298
-1.09421 -0.548081 -0.106018
-1.09421 -0.548081 -0.106018
-1.09421 -0.548081 -0.106018
-1.09421 -0.548081 -0.106018
-1.09421 -0.548081 -0.106018
-1.09421 -0.548081 -0.106018
-1.09421 -0.548081 -0.106018
-1.09421 -0.548081 -0.106018
-1.09421 -0.548081 -0.106018
-1.09421 -0.548081 -0.106018
-1.07767 -0.550325 -0.166692
-1.07767 -0.550325 -0.166692
-1.07767 -0.550325 -0.166692
-1.07767 -0.550325 -0.166692
-1.07767 -0.550325 -0.166692
-1.07767 -0.550325 -0.166692
-1.07767 -0.550325 -0.166692
-1.07767 -0.550325 -0.166692
-1.07767 -0.550325 -0.166692
-1.07767 -0.550325 -0.166692
-1.06108 -0.553517 -0.21839
-1.06108 -0.553517 -0.21839
-1.06108 -0.553517 -0.21839
-1.06108 -0.553517 -0.21839
-1.06108 -0.553517 -0.21839
-1.06108 -0.553517 -0.21839
-1.06108 -0.553517 -0.21839
-1.06108 -0.553517 -0.21839
-1.06108 -0.553517 -0.21839
-1.06108 -0.553517 -0.21839
-1.04546 -0.556853 -0.270774
-1.04546 -0.556853 -0.270774
-1.04546 -0.556853 -0.270774
-1.04546 -0.556853 -0.270774
-1.04546 -0.556853 -0.270774
-1.04546 -0.556853 -0.270774
-1.04546 -0.556853 -0.270774
-1.04546 -0.556853 -0.270774
-1.04546 -0.556853 -0.270774
-1.04546 -0.556853 -0.270774
-1.0369 -0.559021 -0.258061
-1.0369 -0.559021 -0.258061
-1.0369 -0.559021 -0.258061
-1.0369 -0.559021 -0.258061
-1.0369 -0.559021 -0.258061
-1.0369 -0.559021 -0.258061
-1.0369 -0.559021 -0.258061
-1.0369 -0.559021 -0.258061
-1.0369 -0.559021 -0.258061
-1.0369 -0.559021 -0.258061
-1.03532 -0.559349 -0.173759
-1.03532 -0.559349 -0.173759
-1.03532 -0.559349 -0.173759
-1.03532 -0.559349 -0.173759
-1.03532 -0.559349 -0.173759
-1.03532 -0.559349 -0.173759
-1.03532 -0.559349 -0.173759
-1.03532 -0.559349 -0.173759
-1.03532 -0.559349 -0.173759
-1.03532 -0.559349 -0.173759
-1.03738 -0.559149 -0.036692
-1.03738 -0.559149 -0.036692
-1.03738 -0.559149 -0.036692
-1.03738 -0.559149 -0.036692
-1.03738 -0.559149 -0.036692
-1.03738 -0.559149 -0.036692
-1.03738 -0.559149 -0.036692
-1.03738 -0.559149 -0.036692
-1.03738 -0.559149 -0.036692
-1.03738 -0.559149 -0.036692
-1.0395 -0.559185 0.100967
-1.0395 -0.559185 0.100967
-1.0395 -0.559185 0.100967
-1.0395 -0.559185 0.100967
-1.0395 -0.559185 0.100967
-1.0395 -0.559185 0.100967
-1.0395 -0.559185 0.100967
-1.0395 -0.559185 0.100967
-1.0395 -0.559185 0.100967
-1.0395 -0.559185 0.100967
-1.04174 -0.55951 0.252351
-1.04174 -0.55951 0.252351
-1.04174 -0.55951 0.252351
-1.04174 -0.55951 0.252351
-1.04174 -0.55951 0.252351
-1.04174 -0.55951 0.252351
-1.04174 -0.55951 0.252351
-1.04174 -0.55951 0.252351
-1.04174 -0.55951 0.252351
-1.04174 -0.55951 0.252351
-1.04211 -0.559196 0.355359
-1.04211 -0.559196 0.355359
-1.04211 -0.559196 0.355359
-1.04211 -0.559196 0.355359
-1.04211 -0.559196 0.355359
-1.04211 -0.559196 0.355359
-1.04211 -0.559196 0.355359
-1.04211 -0.559196 0.355359
-1.04211 -0.559196 0.355359
-1.04211 -0.559196 0.355359
-1.03456 -0.555715 0.425018
-1.03456 -0.555715 0.425018
-1.03456 -0.555715 0.425018
-1.03456 -0.555715 0.425018
-1.03456 -0.555715 0.425018
-1.03456 -0.555715 0.425018
-1.03456 -0.555715 0.425018
-1.03456 -0.555715 0.425018
-1.03456 -0.555715 0.425018
-1.03456 -0.555715 0.425018
-1.01524 -0.547119 0.384443
-1.01524 -0.547119 0.384443
-1.01524 -0.547119 0.384443
-1.01524 -0.547119 0.384443
-1.01524 -0.547119 0.384443
-1.01524 -0.547119 0.384443
-1.01524 -0.547119 0.384443
-1.01524 -0.547119 0.384443
-1.01524 -0.547119 0.384443
-1.01524 -0.547119 0.384443
-1.00361 -0.542683 0.345722
-1.00361 -0.542683 0.345722
-1.00361 -0.542683 0.345722
-1.00361 -0.542683 0.345722
-1.00361 -0.542683 0.345722
-1.00361 -0.542683 0.345722
-1.00361 -0.542683 0.345722
-1.00361 -0.542683 0.345722
-1.00361 -0.542683 0.345722
-1.00361 -0.542683 0.345722
-0.977746 -0.534411 0.27814
-0.977746 -0.534411 0.27814
-0.977746 -0.534411 0.27814
-0.977746 -0.534411 0.27814
-0.977746 -0.534411 0.27814
-0.977746 -0.534411 0.27814
-0.977746 -0.534411 0.27814
-0.977746 -0.534411 0.27814
-0.977746 -0.534411 0.27814
-0.977746 -0.534411 0.27814
-0.955855 -0.528666 0.239147
-0.955855 -0.528666 0.239147
-0.955855 -0.528666 0.239147
-0.955855 -0.528666 0.239147
-0.955855 -0.528666 0.239147
-0.955855 -0.528666 0.239147
-0.955855 -0.528666 0.239147
-0.955855 -0.528666 0.239147
-0.955855 -0.528666 0.239147
-0.955855 -0.528666 0.239147
-0.94282 -0.526391 0.220534
-0.94282 -0.526391 0.220534
-0.94282 -0.526391 0.220534
-0.94282 -0.526391 0.220534
-0.94282 -0.526391 0.220534
-0.94282 -0.526391 0.220534
-0.94282 -0.526391 0.220534
-0.94282 -0.526391 0.220534
-0.94282 -0.526391 0.220534
-0.94282 -0.526391 0.220534
-0.934083 -0.524662 0.252261
-0.934083 -0.524662 0.252261
-0.934083 -0.524662 0.252261
-0.934083 -0.524662 0.252261
-0.934083 -0.524662 0.252261
-0.934083 -0.524662 0.252261
-0.934083 -0.524662 0.252261
-0.934083 -0.524662 0.252261
-0.934083 -0.524662 0.252261
-0.934083 -0.524662 0.252261
-0.929921 -0.522781 0.311601
-0.929921 -0.522781 0.311601
-0.929921 -0.522781 0.311601
-0.929921 -0.522781 0.311601
-0.929921 -0.522781 0.311601
-0.929921 -0.522781 0.311601
-0.929921 -0.522781 0.311601
-0.929921 -0.522781 0.311601
-0.929921 -0.522781 0.311601
-0.929921 -0.522781 0.311601
-0.917362 -0.517297 0.352334
-0.917362 -0.517297 0.352334
-0.917362 -0.517297 0.352334
-0.917362 -0.517297 0.352334
-0.917362 -0.517297 0.352334
-0.917362 -0.517297 0.352334
-0.917362 -0.517297 0.352334
-0.917362 -0.517297 0.352334
-0.917362 -0.517297 0.352334
-0.917362 -0.517297 0.352334
-0.898647 -0.510318 0.351545
-0.898647 -0.510318 0.351545
-0.898647 -0.510318 0.351545
-0.898647 -0.510318 0.351545
-0.898647 -0.510318 0.351545
-0.898647 -0.510318 0.351545
-0.898647 -0.510318 0.351545
-0.898647 -0.510318 0.351545
-0.898647 -0.510318 0.351545
-0.898647 -0.510318 0.351545
-0.879993 -0.503495 0.351701
-0.879993 -0.503495 0.351701
-0.879993 -0.503495 0.351701
-0.879993 -0.503495 0.351701
-0.879993 -0.503495 0.351701
-0.879993 -0.503495 0.351701
-0.879993 -0.503495 0.351701
-0.879993 -0.503495 0.351701
-0.879993 -0.503495 0.351701
-0.879993 -0.503495 0.351701
-0.862143 -0.496895 0.359986
-0.862143 -0.496895 0.359986
-0.862143 -0.496895 0.359986
-0.862143 -0.496895 0.359986
-0.862143 -0.496895 0.359986
-0.862143 -0.496895 0.359986
-0.862143 -0.496895 0.359986
-0.862143 -0.496895 0.359986
-0.862143 -0.496895 0.359986
-0.862143 -0.496895 0.359986
-0.846738 -0.491006 0.373706
-0.846738 -0.491006 0.373706
-0.846738 -0.491006 0.373706
-0.846738 -0.491006 0.373706
-0.846738 -0.491006 0.373706
-0.846738 -0.491006 0.373706
-0.846738 -0.491006 0.373706
-0.846738 -0.491006 0.373706
-0.846738 -0.491006 0.373706
-0.846738 -0.491006 0.373706
-0.82876 -0.483705 0.398656
-0.82876 -0.483705 0.398656
-0.82876 -0.483705 0.398656
-0.82876 -0.483705 0.398656
-0.82876 -0.483705 0.398656
-0.82876 -0.483705 0.398656
-0.82876 -0.483705 0.398656
-0.82876 -0.483705 0.398656
-0.82876 -0.483705 0.398656
-0.82876 -0.483705 0.398656
-0.816261 -0.478234 0.422782
-0.816261 -0.478234 0.422782
-0.816261 -0.478234 0.422782
-0.816261 -0.478234 0.422782
-0.816261 -0.478234 0.422782
-0.816261 -0.478234 0.422782
-0.816261 -0.478234 0.422782
-0.816261 -0.478234 0.422782
-0.816261 -0.478234 0.422782
-0.816261 -0.478234 0.422782
-0.793808 -0.4673 0.479319
-0.793808 -0.4673 0.479319
-0.793808 -0.4673 0.479319
-0.793808 -0.4673 0.479319
-0.793808 -0.4673 0.479319
-0.793808 -0.4673 0.479319
-0.793808 -0.4673 0.479319
-0.793808 -0.4673 0.479319
-0.793808 -0.4673 0.479319
-0.793808 -0.4673 0.479319
-0.779371 -0.459327 0.525169
-0.779371 -0.459327 0.525169
-0.779371 -0.459327 0.525169
-0.779371 -0.459327 0.525169
-0.779371 -0.459327 0.525169
-0.779371 -0.459327 0.525169
-0.779371 -0.459327 0.525169
-0.779371 -0.459327 0.525169
-0.779371 -0.459327 0.525169
-0.779371 -0.459327 0.525169
-0.765195 -0.450631 0.57509
-0.765195 -0.450631 0.57509
-0.765195 -0.450631 0.57509
-0.765195 -0.450631 0.57509
-0.765195 -0.450631 0.57509
-0.765195 -0.450631 0.57509
-0.765195 -0.450631 0.57509
-0.765195 -0.450631 0.57509
-0.765195 -0.450631 0.57509
-0.765195 -0.450631 0.57509
-0.752565 -0.442006 0.623531
-0.752565 -0.442006 0.623531
-0.752565 -0.442006 0.623531
-0.752565 -0.442006 0.623531
-0.752565 -0.442006 0.623531
-0.752565 -0.442006 0.623531
-0.752565 -0.442006 0.623531
-0.752565 -0.442006 0.623531
-0.752565 -0.442006 0.623531
-0.752565 -0.442006 0.623531
-0.737242 -0.430235 0.686292
-0.737242 -0.430235 0.686292
-0.737242 -0.430235 0.686292
-0.737242 -0.430235 0.686292
-0.737242 -0.430235 0.686292
-0.737242 -0.430235 0.686292
-0.737242 -0.430235 0.686292
-0.737242 -0.430235 0.686292
-0.737242 -0.430235 0.686292
-0.737242 -0.430235 0.686292
-0.726176 -0.420725 0.73363
-0.726176 -0.420725 0.73363
-0.726176 -0.420725 0.73363
-0.726176 -0.420725 0.73363
-0.726176 -0.420725 0.73363
-0.726176 -0.420725 0.73363
-0.726176 -0.420725 0.73363
-0.726176 -0.420725 0.73363
-0.726176 -0.420725 0.73363
-0.726176 -0.420725 0.73363
-0.713838 -0.408975 0.787615
-0.713838 -0.408975 0.787615
-0.713838 -0.408975 0.787615
-0.713838 -0.408975 0.787615
-0.713838 -0.408975 0.787615
-0.713838 -0.408975 0.787615
-0.713838 -0.408975 0.787615
-0.713838 -0.408975 0.787615
-0.713838 -0.408975 0.787615
-0.713838 -0.408975 0.787615
-0.700403 -0.39463 0.847974
-0.700403 -0.39463 0.847974
-0.700403 -0.39463 0.847974
-0.700403 -0.39463 0.847974
-0.700403 -0.39463 0.847974
-0.700403 -0.39463 0.847974
-0.700403 -0.39463 0.847974
-0.700403 -0.39463 0.847974
-0.700403 -0.39463 0.847974
-0.700403 -0.39463 0.847974
-0.689879 -0.382103 0.895997
-0.689879 -0.382103 0.895997
-0.689879 -0.382103 0.895997
-0.689879 -0.382103 0.895997
-0.689879 -0.382103 0.895997
-0.689879 -0.382103 0.895997
-0.689879 -0.382103 0.895997
-0.689879 -0.382103 0.895997
-0.689879 -0.382103 0.895997
-0.689879 -0.382103 0.895997
-0.675853 -0.363342 0.960895
-0.675853 -0.363342 0.960895
-0.675853 -0.363342 0.960895
-0.675853 -0.363342 0.960895
-0.675853 -0.363342 0.960895
-0.675853 -0.363342 0.960895
-0.675853 -0.363342 0.960895
-0.675853 -0.363342 0.960895
-0.675853 -0.363342 0.960895
-0.675853 -0.363342 0.960895
-0.660148 -0.338969 1.03471
-0.660148 -0.338969 1.03471
-0.660148 -0.338969 1.03471
-0.660148 -0.338969 1.03471
-0.660148 -0.338969 1.03471
-0.660148 -0.338969 1.03471
-0.660148 -0.338969 1.03471
-0.660148 -0.338969 1.03471
-0.660148 -0.338969 1.03471
-0.660148 -0.338969 1.03471
-0.649909 -0.320725 1.08302
-0.649909 -0.320725 1.08302
-0.649909 -0.320725 1.08302
-0.649909 -0.320725 1.08302
-0.649909 -0.320725 1.08302
-0.649909 -0.320725 1.08302
-0.649909 -0.320725 1.08302
-0.649909 -0.320725 1.08302
-0.649909 -0.320725 1.08302
-0.649909 -0.320725 1.08302
-0.638308 -0.297265 1.13943
-0.638308 -0.297265 1.13943
-0.638308 -0.297265 1.13943
-0.638308 -0.297265 1.13943
-0.638308 -0.297265 1.13943
-0.638308 -0.297265 1.13943
-0.638308 -0.297265 1.13943
-0.638308 -0.297265 1.13943
-0.638308 -0.297265 1.13943
-0.638308 -0.297265 1.13943
-0.630494 -0.279371 1.17772
-0.630494 -0.279371 1.17772
-0.630494 -0.279371 1.17772
-0.630494 -0.279371 1.17772
-0.630494 -0.279371 1.17772
-0.630494 -0.279371 1.17772
-0.630494 -0.279371 1.17772
-0.630494 -0.279371 1.17772
-0.630494 -0.279371 1.17772
-0.630494 -0.279371 1.17772
-0.621517 -0.256241 1.22287
-0.621517 -0.256241 1.22287
-0.621517 -0.256241 1.22287
-0.621517 -0.256241 1.22287
-0.621517 -0.256241 1.22287
-0.621517 -0.256241 1.22287
-0.621517 -0.256241 1.22287
-0.621517 -0.256241 1.22287
-0.621517 -0.256241 1.22287
-0.621517 -0.256241 1.22287
-0.61341 -0.232301 1.26474
-0.61341 -0.232301 1.26474
-0.61341 -0.232301 1.26474
-0.61341 -0.232301 1.26474
-0.61341 -0.232301 1.26474
-0.61341 -0.232301 1.26474
-0.61341 -0.232301 1.26474
-0.61341 -0.232301 1.26474
-0.61341 -0.232301 1.26474
-0.61341 -0.232301 1.26474
-0.604181 -0.200357 1.31382
-0.604181 -0.200357 1.31382
-0.604181 -0.200357 1.31382
-0.604181 -0.200357 1.31382
-0.604181 -0.200357 1.31382
-0.604181 -0.200357 1.31382
-0.604181 -0.200357 1.31382
-0.604181 -0.200357 1.31382
-0.604181 -0.200357 1.31382
-0.604181 -0.200357 1.31382
-0.600408 -0.185358 1.33455
-0.600408 -0.185358 1.33455
-0.600408 -0.185358 1.33455
-0.600408 -0.185358 1.33455
-0.600408 -0.185358 1.33455
-0.600408 -0.185358 1.33455
-0.600408 -0.185358 1.33455
-0.600408 -0.185358 1.33455
-0.600408 -0.185358 1.33455
-0.600408 -0.185358 1.33455
-0.592684 -0.149831 1.37781
-0.592684 -0.149831 1.37781
-0.592684 -0.149831 1.37781
-0.592684 -0.149831 1.37781
-0.592684 -0.149831 1.37781
-0.592684 -0.149831 1.37781
-0.592684 -0.149831 1.37781
-0.592684 -0.149831 1.37781
-0.592684 -0.149831 1.37781
-0.592684 -0.149831 1.37781
-0.58846 -0.126724 1.40214
-0.58846 -0.126724 1.40214
-0.58846 -0.126724 1.40214
-0.58846 -0.126724 1.40214
-0.58846 -0.126724 1.40214
-0.58846 -0.126724 1.40214
-0.58846 -0.126724 1.40214
-0.58846 -0.126724 1.40214
-0.58846 -0.126724 1.40214
-0.58846 -0.126724 1.40214
-0.584757 -0.103479 1.42373
-0.584757 -0.103479 1.42373
-0.584757 -0.103479 1.42373
-0.584757 -0.103479 1.42373
-0.584757 -0.103479 1.42373
-0.584757 -0.103479 1.42373
-0.584757 -0.103479 1.42373
-0.584757 -0.103479 1.42373
-0.584757 -0.103479 1.42373
-0.584757 -0.103479 1.42373
-0.581197 -0.0775598 1.44533
-0.581197 -0.0775598 1.44533
-0.581197 -0.0775598 1.44533
-0.581197 -0.0775598 1.44533
-0.581197 -0.0775598 1.44533
-0.581197 -0.0775598 1.44533
-0.581197 -0.0775598 1.44533
-0.581197 -0.0775598 1.44533
-0.581197 -0.0775598 1.44533
-0.581197 -0.0775598 1.44533
-0.577865 -0.0489868 1.46534
-0.577865 -0.0489868 1.46534
-0.577865 -0.0489868 1.46534
-0.577865 -0.0489868 1.46534
-0.577865 -0.0489868 1.46534
-0.577865 -0.0489868 1.46534
-0.577865 -0.0489868 1.46534
-0.577865 -0.0489868 1.46534
-0.577865 -0.0489868 1.46534
-0.577865 -0.0489868 1.46534
-0.575773 -0.0281955 1.47829
-0.575773 -0.0281955 1.47829
-0.575773 -0.0281955 1.47829
-0.575773 -0.0281955 1.47829
-0.575773 -0.0281955 1.47829
-0.575773 -0.0281955 1.47829
-0.575773 -0.0281955 1.47829
-0.575773 -0.0281955 1.47829
-0.575773 -0.0281955 1.47829
-0.575773 -0.0281955 1.47829
-0.573721 -0.00482049 1.49094
-0.573721 -0.00482049 1.49094
-0.573721 -0.00482049 1.49094
-0.573721 -0.00482049 1.49094
-0.573721 -0.00482049 1.49094
-0.573721 -0.00482049 1.49094
-0.573721 -0.00482049 1.49094
-0.573721 -0.00482049 1.49094
-0.573721 -0.00482049 1.49094
-0.573721 -0.00482049 1.49094
-0.571762 0.021127 1.50316
-0.571762 0.021127 1.50316
-0.571762 0.021127 1.50316
-0.571762 0.021127 1.50316
-0.571762 0.021127 1.50316
-0.571762 0.021127 1.50316
-0.571762 0.021127 1.50316
-0.571762 0.021127 1.50316
-0.571762 0.021127 1.50316
-0.571762 0.021127 1.50316
-0.570108 0.0470159 1.51331
-0.570108 0.0470159 1.51331
-0.570108 0.0470159 1.51331
-0.570108 0.0470159 1.51331
-0.570108 0.0470159 1.51331
-0.570108 0.0470159 1.51331
-0.570108 0.0470159 1.51331
-0.570108 0.0470159 1.51331
-0.570108 0.0470159 1.51331
-0.570108 0.0470159 1.51331
-0.568563 0.0754198 1.52223
-0.568563 0.0754198 1.52223
-0.568563 0.0754198 1.52223
-0.568563 0.0754198 1.52223
-0.568563 0.0754198 1.52223
-0.568563 0.0754198 1.52223
-0.568563 0.0754198 1.52223
-0.568563 0.0754198 1.52223
-0.568563 0.0754198 1.52223
-0.568563 0.0754198 1.52223
-0.56715 0.10629 1.52935
-0.56715 0.10629 1.52935
-0.56715 0.10629 1.52935
-0.56715 0.10629 1.52935
-0.56715 0.10629 1.52935
-0.56715 0.10629 1.52935
-0.56715 0.10629 1.52935
-0.56715 0.10629 1.52935
-0.56715 0.10629 1.52935
-0.56715 0.10629 1.52935
-0.566123 0.131946 1.53385
-0.566123 0.131946 1.53385
-0.566123 0.131946 1.53385
-0.566123 0.131946 1.53385
-0.566123 0.131946 1.53385
-0.566123 0.131946 1.53385
-0.566123 0.131946 1.53385
-0.566123 0.131946 1.53385
-0.566123 0.131946 1.53385
-0.566123 0.131946 1.53385
-0.565208 0.157537 1.53711
-0.565208 0.157537 1.53711
-0.565208 0.157537 1.53711
-0.565208 0.157537 1.53711
-0.565208 0.157537 1.53711
-0.565208 0.157537 1.53711
-0.565208 0.157537 1.53711
-0.565208 0.157537 1.53711
-0.565208 0.157537 1.53711
-0.565208 0.157537 1.53711
-0.564282 0.185614 1.53941
-0.564282 0.185614 1.53941
-0.564282 0.185614 1.53941
-0.564282 0.185614 1.53941
-0.564282 0.185614 1.53941
-0.564282 0.185614 1.53941
-0.564282 0.185614 1.53941
-0.564282 0.185614 1.53941
-0.564282 0.185614 1.53941
-0.564282 0.185614 1.53941
-0.563568 0.208532 1.54038
-0.563568 0.208532 1.54038
-0.563568 0.208532 1.54038
-0.563568 0.208532 1.54038
-0.563568 0.208532 1.54038
-0.563568 0.208532 1.54038
-0.563568 0.208532 1.54038
-0.563568 0.208532 1.54038
-0.563568 0.208532 1.54038
-0.563568 0.208532 1.54038
-0.562801 0.233945 1.54064
-0.562801 0.233945 1.54064
-0.562801 0.233945 1.54064
-0.562801 0.233945 1.54064
-0.562801 0.233945 1.54064
-0.562801 0.233945 1.54064
-0.562801 0.233945 1.54064
-0.562801 0.233945 1.54064
-0.562801 0.233945 1.54064
-0.562801 0.233945 1.54064
-0.562181 0.254243 1.5404
-0.562181 0.254243 1.5404
-0.562181 0.254243 1.5404
-0.562181 0.254243 1.5404
-0.562181 0.254243 1.5404
-0.562181 0.254243 1.5404
-0.562181 0.254243 1.5404
-0.562181 0.254243 1.5404
-0.562181 0.254243 1.5404
-0.562181 0.254243 1.5404
-0.561324 0.282114 1.5394
-0.561324 0.282114 1.5394
-0.561324 0.282114 1.5394
-0.561324 0.282114 1.5394
-0.561324 0.282114 1.5394
-0.561324 0.282114 1.5394
-0.561324 0.282114 1.5394
-0.561324 0.282114 1.5394
-0.561324 0.282114 1.5394
-0.561324 0.282114 1.5394
-0.56068 0.302354 1.53833
-0.56068 0.302354 1.53833
-0.56068 0.302354 1.53833
-0.56068 0.302354 1.53833
-0.56068 0.302354 1.53833
-0.56068 0.302354 1.53833
-0.56068 0.302354 1.53833
-0.56068 0.302354 1.53833
-0.56068 0.302354 1.53833
-0.56068 0.302354 1.53833
-0.559751 0.330147 1.53638
-0.559751 0.330147 1.53638
-0.559751 0.330147 1.53638
-0.559751 0.330147 1.53638
-0.559751 0.330147 1.53638
-0.559751 0.330147 1.53638
-0.559751 0.330147 1.53638
-0.559751 0.330147 1.53638
-0.559751 0.330147 1.53638
-0.559751 0.330147 1.53638
-0.559043 0.350334 1.53461
-0.559043 0.350334 1.53461
-0.559043 0.350334 1.53461
-0.559043 0.350334 1.53461
-0.559043 0.350334 1.53461
-0.559043 0.350334 1.53461
-0.559043 0.350334 1.53461
-0.559043 0.350334 1.53461
-0.559043 0.350334 1.53461
-0.559043 0.350334 1.53461
-0.55761 0.388136 1.53091
-0.55761 0.388136 1.53091
-0.55761 0.388136 1.53091
-0.55761 0.388136 1.53091
-0.55761 0.388136 1.53091
-0.55761 0.388136 1.53091
-0.55761 0.388136 1.53091
-0.55761 0.388136 1.53091
-0.55761 0.388136 1.53091
-0.55761 0.388136 1.53091
-0.556679 0.41079 1.52847
-0.556679 0.41079 1.52847
-0.556679 0.41079 1.52847
-0.556679 0.41079 1.52847
-0.556679 0.41079 1.52847
-0.556679 0.41079 1.52847
-0.556679 0.41079 1.52847
-0.556679 0.41079 1.52847
-0.556679 0.41079 1.52847
-0.556679 0.41079 1.52847
-0.555582 0.43594 1.52563
-0.555582 0.43594 1.52563
-0.555582 0.43594 1.52563
-0.555582 0.43594 1.52563
-0.555582 0.43594 1.52563
-0.555582 0.43594 1.52563
-0.555582 0.43594 1.52563
-0.555582 0.43594 1.52563
-0.555582 0.43594 1.52563
-0.555582 0.43594 1.52563
-0.554651 0.456045 1.52337
-0.554651 0.456045 1.52337
-0.554651 0.456045 1.52337
-0.554651 0.456045 1.52337
-0.554651 0.456045 1.52337
-0.554651 0.456045 1.52337
-0.554651 0.456045 1.52337
-0.554651 0.456045 1.52337
-0.554651 0.456045 1.52337
-0.554651 0.456045 1.52337
-0.553298 0.483674 1.52016
-0.553298 0.483674 1.52016
-0.553298 0.483674 1.52016
-0.553298 0.483674 1.52016
-0.553298 0.483674 1.52016
-0.553298 0.483674 1.52016
-0.553298 0.483674 1.52016
-0.553298 0.483674 1.52016
-0.553298 0.483674 1.52016
-0.553298 0.483674 1.52016
-0.552262 0.503752 1.51785
-0.552262 0.503752 1.51785
-0.552262 0.503752 1.51785
-0.552262 0.503752 1.51785
-0.552262 0.503752 1.51785
-0.552262 0.503752 1.51785
-0.552262 0.503752 1.51785
-0.552262 0.503752 1.51785
-0.552262 0.503752 1.51785
-0.552262 0.503752 1.51785
-0.550758 0.531344 1.51471
-0.550758 0.531344 1.51471
-0.550758 0.531344 1.51471
-0.550758 0.531344 1.51471
-0.550758 0.531344 1.51471
-0.550758 0.531344 1.51471
-0.550758 0.531344 1.51471
-0.550758 0.531344 1.51471
-0.550758 0.531344 1.51471
-0.550758 0.531344 1.51471
-0.54932 0.55641 1.51197
-0.54932 0.55641 1.51197
-0.54932 0.55641 1.51197
-0.54932 0.55641 1.51197
-0.54932 0.55641 1.51197
-0.54932 0.55641 1.51197
-0.54932 0.55641 1.51197
-0.54932 0.55641 1.51197
-0.54932 0.55641 1.51197
-0.54932 0.55641 1.51197
-0.547969 0.578961 1.50954
-0.547969 0.578961 1.50954
-0.547969 0.578961 1.50954
-0.547969 0.578961 1.50954
-0.547969 0.578961 1.50954
-0.547969 0.578961 1.50954
-0.547969 0.578961 1.50954
-0.547969 0.578961 1.50954
-0.547969 0.578961 1.50954
-0.547969 0.578961 1.50954
-0.546245 0.606508 1.50677
-0.546245 0.606508 1.50677
-0.546245 0.606508 1.50677
-0.546245 0.606508 1.50677
-0.546245 0.606508 1.50677
-0.546245 0.606508 1.50677
-0.546245 0.606508 1.50677
-0.546245 0.606508 1.50677
-0.546245 0.606508 1.50677
-0.546245 0.606508 1.50677
-0.54478 0.629038 1.50457
-0.54478 0.629038 1.50457
-0.54478 0.629038 1.50457
-0.54478 0.629038 1.50457
-0.54478 0.629038 1.50457
-0.54478 0.629038 1.50457
-0.54478 0.629038 1.50457
-0.54478 0.629038 1.50457
-0.54478 0.629038 1.50457
-0.54478 0.629038 1.50457
-0.543086 0.654181 1.50224
-0.543086 0.654181 1.50224
-0.543086 0.654181 1.50224
-0.543086 0.654181 1.50224
-0.543086 0.654181 1.50224
-0.543086 0.654181 1.50224
-0.543086 0.654181 1.50224
-0.543086 0.654181 1.50224
-0.543086 0.654181 1.50224
-0.543086 0.654181 1.50224
-0.540634 0.689175 1.49933
-0.540634 0.689175 1.49933
-0.540634 0.689175 1.49933
-0.540634 0.689175 1.49933
-0.540634 0.689175 1.49933
-0.540634 0.689175 1.49933
-0.540634 0.689175 1.49933
-0.540634 0.689175 1.49933
-0.540634 0.689175 1.49933
-0.540634 0.689175 1.49933
-0.539006 0.711666 1.4976
-0.539006 0.711666 1.4976
-0.539006 0.711666 1.4976
-0.539006 0.711666 1.4976
-0.539006 0.711666 1.4976
-0.539006 0.711666 1.4976
-0.539006 0.711666 1.4976
-0.539006 0.711666 1.4976
-0.539006 0.711666 1.4976
-0.539006 0.711666 1.4976
-0.53734 0.734151 1.49596
-0.53734 0.734151 1.49596
-0.53734 0.734151 1.49596
-0.53734 0.734151 1.49596
-0.53734 0.734151 1.49596
-0.53734 0.734151 1.49596
-0.53734 0.734151 1.49596
-0.53734 0.734151 1.49596
-0.53734 0.734151 1.49596
-0.53734 0.734151 1.49596
-0.535449 0.759128 1.49437
-0.535449 0.759128 1.49437
-0.535449 0.759128 1.49437
-0.535449 0.759128 1.49437
-0.535449 0.759128 1.49437
-0.535449 0.759128 1.49437
-0.535449 0.759128 1.49437
-0.535449 0.759128 1.49437
-0.535449 0.759128 1.49437
-0.535449 0.759128 1.49437
-0.533908 0.779106 1.49316
-0.533908 0.779106 1.49316
-0.533908 0.779106 1.49316
-0.533908 0.779106 1.49316
-0.533908 0.779106 1.49316
-0.533908 0.779106 1.49316
-0.533908 0.779106 1.49316
-0.533908 0.779106 1.49316
-0.533908 0.779106 1.49316
-0.533908 0.779106 1.49316
-0.531949 0.804074 1.49178
-0.531949 0.804074 1.49178
-0.531949 0.804074 1.49178
-0.531949 0.804074 1.49178
-0.531949 0.804074 1.49178
-0.531949 0.804074 1.49178
-0.531949 0.804074 1.49178
-0.531949 0.804074 1.49178
-0.531949 0.804074 1.49178
-0.531949 0.804074 1.49178
-0.529957 0.829037 1.49058
-0.529957 0.829037 1.49058
-0.529957 0.829037 1.49058
-0.529957 0.829037 1.49058
-0.529957 0.829037 1.49058
-0.529957 0.829037 1.49058
-0.529957 0.829037 1.49058
-0.529957 0.829037 1.49058
-0.529957 0.829037 1.49058
-0.529957 0.829037 1.49058
-0.527326 0.861482 1.48918
-0.527326 0.861482 1.48918
-0.527326 0.861482 1.48918
-0.527326 0.861482 1.48918
-0.527326 0.861482 1.48918
-0.527326 0.861482 1.48918
-0.527326 0.861482 1.48918
-0.527326 0.861482 1.48918
-0.527326 0.861482 1.48918
-0.527326 0.861482 1.48918
-0.525067 0.88893 1.48821
-0.525067 0.88893 1.48821
-0.525067 0.88893 1.48821
-0.525067 0.88893 1.48821
-0.525067 0.88893 1.48821
-0.525067 0.88893 1.48821
-0.525067 0.88893 1.48821
-0.525067 0.88893 1.48821
-0.525067 0.88893 1.48821
-0.525067 0.88893 1.48821
-0.523407 0.908889 1.48761
-0.523407 0.908889 1.48761
-0.523407 0.908889 1.48761
-0.523407 0.908889 1.48761
-0.523407 0.908889 1.48761
-0.523407 0.908889 1.48761
-0.523407 0.908889 1.48761
-0.523407 0.908889 1.48761
-0.523407 0.908889 1.48761
-0.523407 0.908889 1.48761
-0.521317 0.933836 1.48695
-0.521317 0.933836 1.48695
-0.521317 0.933836 1.48695
-0.521317 0.933836 1.48695
-0.521317 0.933836 1.48695
-0.521317 0.933836 1.48695
-0.521317 0.933836 1.48695
-0.521317 0.933836 1.48695
-0.521317 0.933836 1.48695
-0.521317 0.933836 1.48695
-0.519211 0.958781 1.48633
-0.519211 0.958781 1.48633
-0.519211 0.958781 1.48633
-0.519211 0.958781 1.48633
-0.519211 0.958781 1.48633
-0.519211 0.958781 1.48633
-0.519211 0.958781 1.48633
-0.519211 0.958781 1.48633
-0.519211 0.958781 1.48633
-0.519211 0.958781 1.48633
-0.516879 0.986217 1.48583
-0.516879 0.986217 1.48583
-0.516879 0.986217 1.48583
-0.516879 0.986217 1.48583
-0.516879 0.986217 1.48583
-0.516879 0.986217 1.48583
-0.516879 0.986217 1.48583
-0.516879 0.986217 1.48583
-0.516879 0.986217 1.48583
-0.516879 0.986217 1.48583
-0.515175 1.00617 1.48553
-0.515175 1.00617 1.48553
-0.515175 1.00617 1.48553
-0.515175 1.00617 1.48553
-0.515175 1.00617 1.48553
-0.515175 1.00617 1.48553
-0.515175 1.00617 1.48553
-0.515175 1.00617 1.48553
-0.515175 1.00617 1.48553
-0.515175 1.00617 1.48553
-0.512824 1.0336 1.48522
-0.512824 1.0336 1.48522
-0.512824 1.0336 1.48522
-0.512824 1.0336 1.48522
-0.512824 1.0336 1.48522
-0.512824 1.0336 1.48522
-0.512824 1.0336 1.48522
-0.512824 1.0336 1.48522
-0.512824 1.0336 1.48522
-0.512824 1.0336 1.48522
-0.511109 1.05355 1.48506
-0.511109 1.05355 1.48506
-0.511109 1.05355 1.48506
-0.511109 1.05355 1.48506
-0.511109 1.05355 1.48506
-0.511109 1.05355 1.48506
-0.511109 1.05355 1.48506
-0.511109 1.05355 1.48506
-0.511109 1.05355 1.48506
-0.511109 1.05355 1.48506
-0.508101 1.08846 1.48484
-0.508101 1.08846 1.48484
-0.508101 1.08846 1.48484
-0.508101 1.08846 1.48484
-0.508101 1.08846 1.48484
-0.508101 1.08846 1.48484
-0.508101 1.08846 1.48484
-0.508101 1.08846 1.48484
-0.508101 1.08846 1.48484
-0.508101 1.08846 1.48484
-0.505942 1.11348 1.48475
-0.505942 1.11348 1.48475
-0.505942 1.11348 1.48475
-0.505942 1.11348 1.48475
-0.505942 1.11348 1.48475
-0.505942 1.11348 1.48475
-0.505942 1.11348 1.48475
-0.505942 1.11348 1.48475
-0.505942 1.11348 1.48475
-0.505942 1.11348 1.48475
-0.504646 1.12848 1.48473
-0.504646 1.12848 1.48473
-0.504646 1.12848 1.48473
-0.504646 1.12848 1.48473
-0.504646 1.12848 1.48473
-0.504646 1.12848 1.48473
-0.504646 1.12848 1.48473
-0.504646 1.12848 1.48473
-0.504646 1.12848 1.48473
-0.504646 1.12848 1.48473
-0.501848 1.16088 1.48478
-0.501848 1.16088 1.48478
-0.501848 1.16088 1.48478
-0.501848 1.16088 1.48478
-0.501848 1.16088 1.48478
-0.501848 1.16088 1.48478
-0.501848 1.16088 1.48478
-0.501848 1.16088 1.48478
-0.501848 1.16088 1.48478
-0.501848 1.16088 1.48478
-0.499696 1.1858 1.48486
-0.499696 1.1858 1.48486
-0.499696 1.1858 1.48486
-0.499696 1.1858 1.48486
-0.499696 1.1858 1.48486
-0.499696 1.1858 1.48486
-0.499696 1.1858 1.48486
-0.499696 1.1858 1.48486
-0.499696 1.1858 1.48486
-0.499696 1.1858 1.48486
-0.497333 1.21322 1.48497
-0.497333 1.21322 1.48497
-0.497333 1.21322 1.48497
-0.497333 1.21322 1.48497
-0.497333 1.21322 1.48497
-0.497333 1.21322 1.48497
-0.497333 1.21322 1.48497
-0.497333 1.21322 1.48497
-0.497333 1.21322 1.48497
-0.497333 1.21322 1.48497
-0.495616 1.23315 1.4851
-0.495616 1.23315 1.4851
-0.495616 1.23315 1.4851
-0.495616 1.23315 1.4851
-0.495616 1.23315 1.4851
-0.495616 1.23315 1.4851
-0.495616 1.23315 1.4851
-0.495616 1.23315 1.4851
-0.495616 1.23315 1.4851
-0.495616 1.23315 1.4851
-0.493473 1.25808 1.48523
-0.493473 1.25808 1.48523
-0.493473 1.25808 1.48523
-0.493473 1.25808 1.48523
-0.493473 1.25808 1.48523
-0.493473 1.25808 1.48523
-0.493473 1.25808 1.48523
-0.493473 1.25808 1.48523
-0.493473 1.25808 1.48523
-0.493473 1.25808 1.48523
-0.491762 1.27802 1.4854
-0.491762 1.27802 1.4854
-0.491762 1.27802 1.4854
-0.491762 1.27802 1.4854
-0.491762 1.27802 1.4854
-0.491762 1.27802 1.4854
-0.491762 1.27802 1.4854
-0.491762 1.27802 1.4854
-0.491762 1.27802 1.4854
-0.491762 1.27802 1.4854
-0.489413 1.30545 1.4856
-0.489413 1.30545 1.4856
-0.489413 1.30545 1.4856
-0.489413 1.30545 1.4856
-0.489413 1.30545 1.4856
-0.489413 1.30545 1.4856
-0.489413 1.30545 1.4856
-0.489413 1.30545 1.4856
-0.489413 1.30545 1.4856
-0.489413 1.30545 1.4856
-0.486856 1.33541 1.48603
-0.486856 1.33541 1.48603
-0.486856 1.33541 1.48603
-0.486856 1.33541 1.48603
-0.486856 1.33541 1.48603
-0.486856 1.33541 1.48603
-0.486856 1.33541 1.48603
-0.486856 1.33541 1.48603
-0.486856 1.33541 1.48603
-0.486856 1.33541 1.48603
-0.484734 1.36037 1.4864
-0.484734 1.36037 1.4864
-0.484734 1.36037 1.4864
-0.484734 1.36037 1.4864
-0.484734 1.36037 1.4864
-0.484734 1.36037 1.4864
-0.484734 1.36037 1.4864
-0.484734 1.36037 1.4864
-0.484734 1.36037 1.4864
-0.484734 1.36037 1.4864
-0.48262 1.38533 1.48671
-0.48262 1.38533 1.48671
-0.48262 1.38533 1.48671
-0.48262 1.38533 1.48671
-0.48262 1.38533 1.48671
-0.48262 1.38533 1.48671
-0.48262 1.38533 1.48671
-0.48262 1.38533 1.48671
-0.48262 1.38533 1.48671
-0.48262 1.38533 1.48671
-0.480935 1.4053 1.487
-0.480935 1.4053 1.487
-0.480935 1.4053 1.487
-0.480935 1.4053 1.487
-0.480935 1.4053 1.487
-0.480935 1.4053 1.487
-0.480935 1.4053 1.487
-0.480935 1.4053 1.487
-0.480935 1.4053 1.487
-0.480935 1.4053 1.487
-0.478626 1.43275 1.48732
-0.478626 1.43275 1.48732
-0.478626 1.43275 1.48732
-0.478626 1.43275 1.48732
-0.478626 1.43275 1.48732
-0.478626 1.43275 1.48732
-0.478626 1.43275 1.48732
-0.478626 1.43275 1.48732
-0.478626 1.43275 1.48732
-0.478626 1.43275 1.48732
-0.476953 1.45272 1.48754
-0.476953 1.45272 1.48754
-0.476953 1.45272 1.48754
-0.476953 1.45272 1.48754
-0.476953 1.45272 1.48754
-0.476953 1.45272 1.48754
-0.476953 1.45272 1.48754
-0.476953 1.45272 1.48754
-0.476953 1.45272 1.48754
-0.476953 1.45272 1.48754
-0.474659 1.48017 1.48783
-0.474659 1.48017 1.48783
-0.474659 1.48017 1.48783
-0.474659 1.48017 1.48783
-0.474659 1.48017 1.48783
-0.474659 1.48017 1.48783
-0.474659 1.48017 1.48783
-0.474659 1.48017 1.48783
-0.474659 1.48017 1.48783
-0.474659 1.48017 1.48783
-0.471959 1.51261 1.48818
-0.471959 1.51261 1.48818
-0.471959 1.51261 1.48818
-0.471959 1.51261 1.48818
-0.471959 1.51261 1.48818
-0.471959 1.51261 1.48818
-0.471959 1.51261 1.48818
-0.471959 1.51261 1.48818
-0.471959 1.51261 1.48818
-0.471959 1.51261 1.48818
-0.470715 1.52758 1.48827
-0.470715 1.52758 1.48827
-0.470715 1.52758 1.48827
-0.470715 1.52758 1.48827
-0.470715 1.52758 1.48827
-0.470715 1.52758 1.48827
-0.470715 1.52758 1.48827
-0.470715 1.52758 1.48827
-0.470715 1.52758 1.48827
-0.470715 1.52758 1.48827
-0.46803 1.56002 1.48859
-0.46803 1.56002 1.48859
-0.46803 1.56002 1.48859
-0.46803 1.56002 1.48859
-0.46803 1.56002 1.48859
-0.46803 1.56002 1.48859
-0.46803 1.56002 1.48859
-0.46803 1.56002 1.48859
-0.46803 1.56002 1.48859
-0.46803 1.56002 1.48859
-0.46597 1.58497 1.48876
-0.46597 1.58497 1.48876
-0.46597 1.58497 1.48876
-0.46597 1.58497 1.48876
-0.46597 1.58497 1.48876
-0.46597 1.58497 1.48876
-0.46597 1.58497 1.48876
-0.46597 1.58497 1.48876
-0.46597 1.58497 1.48876
-0.46597 1.58497 1.48876
-0.46412 1.60743 1.48894
-0.46412 1.60743 1.48894
-0.46412 1.60743 1.48894
-0.46412 1.60743 1.48894
-0.46412 1.60743 1.48894
-0.46412 1.60743 1.48894
-0.46412 1.60743 1.48894
-0.46412 1.60743 1.48894
-0.46412 1.60743 1.48894
-0.46412 1.60743 1.48894
-0.46207 1.63238 1.48914
-0.46207 1.63238 1.48914
-0.46207 1.63238 1.48914
-0.46207 1.63238 1.48914
-0.46207 1.63238 1.48914
-0.46207 1.63238 1.48914
-0.46207 1.63238 1.48914
-0.46207 1.63238 1.48914
-0.46207 1.63238 1.48914
-0.46207 1.63238 1.48914
-0.460432 1.65234 1.48926
-0.460432 1.65234 1.48926
-0.460432 1.65234 1.48926
-0.460432 1.65234 1.48926
-0.460432 1.65234 1.48926
-0.460432 1.65234 1.48926
-0.460432 1.65234 1.48926
-0.460432 1.65234 1.48926
-0.460432 1.65234 1.48926
-0.460432 1.65234 1.48926
-0.458184 1.67978 1.48942
-0.458184 1.67978 1.48942
-0.458184 1.67978 1.48942
-0.458184 1.67978 1.48942
-0.458184 1.67978 1.48942
-0.458184 1.67978 1.48942
-0.458184 1.67978 1.48942
-0.458184 1.67978 1.48942
-0.458184 1.67978 1.48942
-0.458184 1.67978 1.48942
-0.455533 1.71222 1.48957
-0.455533 1.71222 1.48957
-0.455533 1.71222 1.48957
-0.455533 1.71222 1.48957
-0.455533 1.71222 1.48957
-0.455533 1.71222 1.48957
-0.455533 1.71222 1.48957
-0.455533 1.71222 1.48957
-0.455533 1.71222 1.48957
-0.455533 1.71222 1.48957
-0.453497 1.73717 1.48967
-0.453497 1.73717 1.48967
-0.453497 1.73717 1.48967
-0.453497 1.73717 1.48967
-0.453497 1.73717 1.48967
-0.453497 1.73717 1.48967
-0.453497 1.73717 1.48967
-0.453497 1.73717 1.48967
-0.453497 1.73717 1.48967
-0.453497 1.73717 1.48967
-0.451668 1.75962 1.48979
-0.451668 1.75962 1.48979
-0.451668 1.75962 1.48979
-0.451668 1.75962 1.48979
-0.451668 1.75962 1.48979
-0.451668 1.75962 1.48979
-0.451668 1.75962 1.48979
-0.451668 1.75962 1.48979
-0.451668 1.75962 1.48979
-0.451668 1.75962 1.48979
-0.449435 1.78707 1.4899
-0.449435 1.78707 1.4899
-0.449435 1.78707 1.4899
-0.449435 1.78707 1.4899
-0.449435 1.78707 1.4899
-0.449435 1.78707 1.4899
-0.449435 1.78707 1.4899
-0.449435 1.78707 1.4899
-0.449435 1.78707 1.4899
-0.449435 1.78707 1.4899
-0.447813 1.80703 1.48998
-0.447813 1.80703 1.48998
-0.447813 1.80703 1.48998
-0.447813 1.80703 1.48998
-0.447813 1.80703 1.48998
-0.447813 1.80703 1.48998
-0.447813 1.80703 1.48998
-0.447813 1.80703 1.48998
-0.447813 1.80703 1.48998
-0.447813 1.80703 1.48998
-0.446192 1.82699 1.49005
-0.446192 1.82699 1.49005
-0.446192 1.82699 1.49005
-0.446192 1.82699 1.49005
-0.446192 1.82699 1.49005
-0.446192 1.82699 1.49005
-0.446192 1.82699 1.49005
-0.446192 1.82699 1.49005
-0.446192 1.82699 1.49005
-0.446192 1.82699 1.49005
-0.444167 1.85193 1.49012
-0.444167 1.85193 1.49012
-0.444167 1.85193 1.49012
-0.444167 1.85193 1.49012
-0.444167 1.85193 1.49012
-0.444167 1.85193 1.49012
-0.444167 1.85193 1.49012
-0.444167 1.85193 1.49012
-0.444167 1.85193 1.49012
-0.444167 1.85193 1.49012
-0.441338 1.88686 1.49024
-0.441338 1.88686 1.49024
-0.441338 1.88686 1.49024
-0.441338 1.88686 1.49024
-0.441338 1.88686 1.49024
-0.441338 1.88686 1.49024
-0.441338 1.88686 1.49024
-0.441338 1.88686 1.49024
-0.441338 1.88686 1.49024
-0.441338 1.88686 1.49024
-0.439521 1.90932 1.49032
-0.439521 1.90932 1.49032
-0.439521 1.90932 1.49032
-0.439521 1.90932 1.49032
-0.439521 1.90932 1.49032
-0.439521 1.90932 1.49032
-0.439521 1.90932 1.49032
-0.439521 1.90932 1.49032
-0.439521 1.90932 1.49032
-0.439521 1.90932 1.49032
-0.437302 1.93676 1.4904
-0.437302 1.93676 1.4904
-0.437302 1.93676 1.4904
-0.437302 1.93676 1.4904
-0.437302 1.93676 1.4904
-0.437302 1.93676 1.4904
-0.437302 1.93676 1.4904
-0.437302 1.93676 1.4904
-0.437302 1.93676 1.4904
-0.437302 1.93676 1.4904
-0.43569 1.95672 1.49045
-0.43569 1.95672 1.49045
-0.43569 1.95672 1.49045
-0.43569 1.95672 1.49045
-0.43569 1.95672 1.49045
-0.43569 1.95672 1.49045
-0.43569 1.95672 1.49045
-0.43569 1.95672 1.49045
-0.43569 1.95672 1.49045
-0.43569 1.95672 1.49045
-0.433474 1.98416 1.49052
-0.433474 1.98416 1.49052
-0.433474 1.98416 1.49052
-0.433474 1.98416 1.49052
-0.433474 1.98416 1.49052
-0.433474 1.98416 1.49052
-0.433474 1.98416 1.49052
-0.433474 1.98416 1.49052
-0.433474 1.98416 1.49052
-0.433474 1.98416 1.49052
-0.431864 2.00412 1.49057
-0.431864 2.00412 1.49057
-0.431864 2.00412 1.49057
-0.431864 2.00412 1.49057
-0.431864 2.00412 1.49057
-0.431864 2.00412 1.49057
-0.431864 2.00412 1.49057
-0.431864 2.00412 1.49057
-0.431864 2.00412 1.49057
-0.431864 2.00412 1.49057
-0.430052 2.02657 1.4906
-0.430052 2.02657 1.4906
-0.430052 2.02657 1.4906
-0.430052 2.02657 1.4906
-0.430052 2.02657 1.4906
-0.430052 2.02657 1.4906
-0.430052 2.02657 1.4906
-0.430052 2.02657 1.4906
-0.430052 2.02657 1.4906
-0.430052 2.02657 1.4906
-0.427239 2.0615 1.4907
-0.427239 2.0615 1.4907
-0.427239 2.0615 1.4907
-0.427239 2.0615 1.4907
-0.427239 2.0615 1.4907
-0.427239 2.0615 1.4907
-0.427239 2.0615 1.4907
-0.427239 2.0615 1.4907
-0.427239 2.0615 1.4907
-0.427239 2.0615 1.4907
-0.425431 2.08395 1.49077
-0.425431 2.08395 1.49077
-0.425431 2.08395 1.49077
-0.425431 2.08395 1.49077
-0.425431 2.08395 1.49077
-0.425431 2.08395 1.49077
-0.425431 2.08395 1.49077
-0.425431 2.08395 1.49077
-0.425431 2.08395 1.49077
-0.425431 2.08395 1.49077
-0.423222 2.1114 1.49078
-0.423222 2.1114 1.49078
-0.423222 2.1114 1.49078
-0.423222 2.1114 1.49078
-0.423222 2.1114 1.49078
-0.423222 2.1114 1.49078
-0.423222 2.1114 1.49078
-0.423222 2.1114 1.49078
-0.423222 2.1114 1.49078
-0.423222 2.1114 1.49078
-0.421617 2.13135 1.49083
-0.421617 2.13135 1.49083
-0.421617 2.13135 1.49083
-0.421617 2.13135 1.49083
-0.421617 2.13135 1.49083
-0.421617 2.13135 1.49083
-0.421617 2.13135 1.49083
-0.421617 2.13135 1.49083
-0.421617 2.13135 1.49083
-0.421617 2.13135 1.49083
-0.419213 2.16129 1.49093
-0.419213 2.16129 1.49093
-0.419213 2.16129 1.49093
-0.419213 2.16129 1.49093
-0.419213 2.16129 1.49093
-0.419213 2.16129 1.49093
-0.419213 2.16129 1.49093
-0.419213 2.16129 1.49093
-0.419213 2.16129 1.49093
-0.419213 2.16129 1.49093
-0.417409 2.18374 1.49095
-0.417409 2.18374 1.49095
-0.417409 2.18374 1.49095
-0.417409 2.18374 1.49095
-0.417409 2.18374 1.49095
-0.417409 2.18374 1.49095
-0.417409 2.18374 1.49095
-0.417409 2.18374 1.49095
-0.417409 2.18374 1.49095
-0.417409 2.18374 1.49095
-0.415609 2.20619 1.49099
-0.415609 2.20619 1.49099
-0.415609 2.20619 1.49099
-0.415609 2.20619 1.49099
-0.415609 2.20619 1.49099
-0.415609 2.20619 1.49099
-0.415609 2.20619 1.49099
-0.415609 2.20619 1.49099
-0.415609 2.20619 1.49099
-0.415609 2.20619 1.49099
-0.413778 2.22969 1.48843
-0.413778 2.22969 1.48843
-0.413778 2.22969 1.48843
-0.413778 2.22969 1.48843
-0.413778 2.22969 1.48843
-0.413778 2.22969 1.48843
-0.413778 2.22969 1.48843
-0.413778 2.22969 1.48843
-0.413778 2.22969 1.48843
-0.413778 2.22969 1.48843
-0.411703 2.25325 1.47335
-0.411703 2.25325 1.47335
-0.411703 2.25325 1.47335
-0.411703 2.25325 1.47335
-0.411703 2.25325 1.47335
-0.411703 2.25325 1.47335
-0.411703 2.25325 1.47335
-0.411703 2.25325 1.47335
-0.411703 2.25325 1.47335
-0.411703 2.25325 1.47335
-0.410103 2.2685 1.45505
-0.410103 2.2685 1.45505
-0.410103 2.2685 1.45505
-0.410103 2.2685 1.45505
-0.410103 2.2685 1.45505
-0.410103 2.2685 1.45505
-0.410103 2.2685 1.45505
-0.410103 2.2685 1.45505
-0.410103 2.2685 1.45505
-0.410103 2.2685 1.45505
-0.407556 2.28791 1.42192
-0.407556 2.28791 1.42192
-0.407556 2.28791 1.42192
-0.407556 2.28791 1.42192
-0.407556 2.28791 1.42192
-0.407556 2.28791 1.42192
-0.407556 2.28791 1.42192
-0.407556 2.28791 1.42192
-0.407556 2.28791 1.42192
-0.407556 2.28791 1.42192
-0.405333 2.30142 1.3952
-0.405333 2.30142 1.3952
-0.405333 2.30142 1.3952
-0.405333 2.30142 1.3952
-0.405333 2.30142 1.3952
-0.405333 2.30142 1.3952
-0.405333 2.30142 1.3952
-0.405333 2.30142 1.3952
-0.405333 2.30142 1.3952
-0.405333 2.30142 1.3952
-0.400548 2.32532 1.35377
-0.400548 2.32532 1.35377
-0.400548 2.32532 1.35377
-0.400548 2.32532 1.35377
-0.400548 2.32532 1.35377
-0.400548 2.32532 1.35377
-0.400548 2.32532 1.35377
-0.400548 2.32532 1.35377
-0.400548 2.32532 1.35377
-0.400548 2.32532 1.35377
-0.398185 2.33566 1.33937
-0.398185 2.33566 1.33937
-0.398185 2.33566 1.33937
-0.398185 2.33566 1.33937
-0.398185 2.33566 1.33937
-0.398185 2.33566 1.33937
-0.398185 2.33566 1.33937
-0.398185 2.33566 1.33937
-0.398185 2.33566 1.33937
-0.398185 2.33566 1.33937
-0.392579 2.35806 1.31356
-0.392579 2.35806 1.31356
-0.392579 2.35806 1.31356
-0.392579 2.35806 1.31356
-0.392579 2.35806 1.31356
-0.392579 2.35806 1.31356
-0.392579 2.35806 1.31356
-0.392579 2.35806 1.31356
-0.392579 2.35806 1.31356
-0.392579 2.35806 1.31356
-0.387925 2.37523 1.29991
-0.387925 2.37523 1.29991
-0.387925 2.37523 1.29991
-0.387925 2.37523 1.29991
-0.387925 2.37523 1.29991
-0.387925 2.37523 1.29991
-0.387925 2.37523 1.29991
-0.387925 2.37523 1.29991
-0.387925 2.37523 1.29991
-0.387925 2.37523 1.29991
-0.383297 2.39245 1.28937
-0.383297 2.39245 1.28937
-0.383297 2.39245 1.28937
-0.383297 2.39245 1.28937
-0.383297 2.39245 1.28937
-0.383297 2.39245 1.28937
-0.383297 2.39245 1.28937
-0.383297 2.39245 1.28937
-0.383297 2.39245 1.28937
-0.383297 2.39245 1.28937
-0.381304 2.39989 1.31111
-0.381304 2.39989 1.31111
-0.381304 2.39989 1.31111
-0.381304 2.39989 1.31111
-0.381304 2.39989 1.31111
-0.381304 2.39989 1.31111
-0.381304 2.39989 1.31111
-0.381304 2.39989 1.31111
-0.381304 2.39989 1.31111
-0.381304 2.39989 1.31111
-0.380997 2.40131 1.41667
-0.380997 2.40131 1.41667
-0.380997 2.40131 1.41667
-0.380997 2.40131 1.41667
-0.380997 2.40131 1.41667
-0.380997 2.40131 1.41667
-0.380997 2.40131 1.41667
-0.380997 2.40131 1.41667
-0.380997 2.40131 1.41667
-0.380997 2.40131 1.41667
-0.381373 2.39686 1.58868
-0.381373 2.39686 1.58868
-0.381373 2.39686 1.58868
-0.381373 2.39686 1.58868
-0.381373 2.39686 1.58868
-0.381373 2.39686 1.58868
-0.381373 2.39686 1.58868
-0.381373 2.39686 1.58868
-0.381373 2.39686 1.58868
-0.381373 2.39686 1.58868
-0.381889 2.39445 1.76043
-0.381889 2.39445 1.76043
-0.381889 2.39445 1.76043
-0.381889 2.39445 1.76043
-0.381889 2.39445 1.76043
-0.381889 2.39445 1.76043
-0.381889 2.39445 1.76043
-0.381889 2.39445 1.76043
-0.381889 2.39445 1.76043
-0.381889 2.39445 1.76043
-0.383855 2.39814 1.86637
-0.383855 2.39814 1.86637
-0.383855 2.39814 1.86637
-0.383855 2.39814 1.86637
-0.383855 2.39814 1.86637
-0.383855 2.39814 1.86637
-0.383855 2.39814 1.86637
-0.383855 2.39814 1.86637
-0.383855 2.39814 1.86637
-0.383855 2.39814 1.86637
-0.389106 2.41113 1.95002
-0.389106 2.41113 1.95002
-0.389106 2.41113 1.95002
-0.389106 2.41113 1.95002
-0.389106 2.41113 1.95002
-0.389106 2.41113 1.95002
-0.389106 2.41113 1.95002
-0.389106 2.41113 1.95002
-0.389106 2.41113 1.95002
-0.389106 2.41113 1.95002
-0.394982 2.42534 1.95545
-0.394982 2.42534 1.95545
-0.394982 2.42534 1.95545
-0.394982 2.42534 1.95545
-0.394982 2.42534 1.95545
-0.394982 2.42534 1.95545
-0.394982 2.42534 1.95545
-0.394982 2.42534 1.95545
-0.394982 2.42534 1.95545
-0.394982 2.42534 1.95545
-0.407188 2.45842 1.88507
-0.407188 2.45842 1.88507
-0.407188 2.45842 1.88507
-0.407188 2.45842 1.88507
-0.407188 2.45842 1.88507
-0.407188 2.45842 1.88507
-0.407188 2.45842 1.88507
-0.407188 2.45842 1.88507
-0.407188 2.45842 1.88507
-0.407188 2.45842 1.88507
-0.414048 2.48109 1.84587
-0.414048 2.48109 1.84587
-0.414048 2.48109 1.84587
-0.414048 2.48109 1.84587
-0.414048 2.48109 1.84587
-0.414048 2.48109 1.84587
-0.414048 2.48109 1.84587
-0.414048 2.48109 1.84587
-0.414048 2.48109 1.84587
-0.414048 2.48109 1.84587
-0.421349 2.50909 1.80872
-0.421349 2.50909 1.80872
-0.421349 2.50909 1.80872
-0.421349 2.50909 1.80872
-0.421349 2.50909 1.80872
-0.421349 2.50909 1.80872
-0.421349 2.50909 1.80872
-0.421349 2.50909 1.80872
-0.421349 2.50909 1.80872
-0.421349 2.50909 1.80872
-0.426048 2.52939 1.78989
-0.426048 2.52939 1.78989
-0.426048 2.52939 1.78989
-0.426048 2.52939 1.78989
-0.426048 2.52939 1.78989
-0.426048 2.52939 1.78989
-0.426048 2.52939 1.78989
-0.426048 2.52939 1.78989
-0.426048 2.52939 1.78989
-0.426048 2.52939 1.78989
-0.431413 2.55461 1.7732
-0.431413 2.55461 1.7732
-0.431413 2.55461 1.7732
-0.431413 2.55461 1.7732
-0.431413 2.55461 1.7732
-0.431413 2.55461 1.7732
-0.431413 2.55461 1.7732
-0.431413 2.55461 1.7732
-0.431413 2.55461 1.7732
-0.431413 2.55461 1.7732
-0.436371 2.57946 1.76538
-0.436371 2.57946 1.76538
-0.436371 2.57946 1.76538
-0.436371 2.57946 1.76538
-0.436371 2.57946 1.76538
-0.436371 2.57946 1.76538
-0.436371 2.57946 1.76538
-0.436371 2.57946 1.76538
-0.436371 2.57946 1.76538
-0.436371 2.57946 1.76538
-0.441158 2.60398 1.76359
-0.441158 2.60398 1.76359
-0.441158 2.60398 1.76359
-0.441158 2.60398 1.76359
-0.441158 2.60398 1.76359
-0.441158 2.60398 1.76359
-0.441158 2.60398 1.76359
-0.441158 2.60398 1.76359
-0.441158 2.60398 1.76359
-0.441158 2.60398 1.76359
-0.445896 2.62811 1.76826
-0.445896 2.62811 1.76826
-0.445896 2.62811 1.76826
-0.445896 2.62811 1.76826
-0.445896 2.62811 1.76826
-0.445896 2.62811 1.76826
-0.445896 2.62811 1.76826
-0.445896 2.62811 1.76826
-0.445896 2.62811 1.76826
-0.445896 2.62811 1.76826
-0.450249 2.64956 1.77651
-0.450249 2.64956 1.77651
-0.450249 2.64956 1.77651
-0.450249 2.64956 1.77651
-0.450249 2.64956 1.77651
-0.450249 2.64956 1.77651
-0.450249 2.64956 1.77651
-0.450249 2.64956 1.77651
-0.450249 2.64956 1.77651
-0.450249 2.64956 1.77651
-0.455289 2.67316 1.78913
-0.455289 2.67316 1.78913
-0.455289 2.67316 1.78913
-0.455289 2.67316 1.78913
-0.455289 2.67316 1.78913
-0.455289 2.67316 1.78913
-0.455289 2.67316 1.78913
-0.455289 2.67316 1.78913
-0.455289 2.67316 1.78913
-0.455289 2.67316 1.78913
-0.4623 2.70349 1.81069
-0.4623 2.70349 1.81069
-0.4623 2.70349 1.81069
-0.4623 2.70349 1.81069
-0.4623 2.70349 1.81069
-0.4623 2.70349 1.81069
-0.4623 2.70349 1.81069
-0.4623 2.70349 1.81069
-0.4623 2.70349 1.81069
-0.4623 2.70349 1.81069
-0.46818 2.7266 1.83068
-0.46818 2.7266 1.83068
-0.46818 2.7266 1.83068
-0.46818 2.7266 1.83068
-0.46818 2.7266 1.83068
-0.46818 2.7266 1.83068
-0.46818 2.7266 1.83068
-0.46818 2.7266 1.83068
-0.46818 2.7266 1.83068
-0.46818 2.7266 1.83068
-0.473891 2.74727 1.85023
-0.473891 2.74727 1.85023
-0.473891 2.74727 1.85023
-0.473891 2.74727 1.85023
-0.473891 2.74727 1.85023
-0.473891 2.74727 1.85023
-0.473891 2.74727 1.85023
-0.473891 2.74727 1.85023
-0.473891 2.74727 1.85023
-0.473891 2.74727 1.85023
-0.480736 2.77013 1.87321
-0.480736 2.77013 1.87321
-0.480736 2.77013 1.87321
-0.480736 2.77013 1.87321
-0.480736 2.77013 1.87321
-0.480736 2.77013 1.87321
-0.480736 2.77013 1.87321
-0.480736 2.77013 1.87321
-0.480736 2.77013 1.87321
-0.480736 2.77013 1.87321
-0.487375 2.79061 1.89489
-0.487375 2.79061 1.89489
-0.487375 2.79061 1.89489
-0.487375 2.79061 1.89489
-0.487375 2.79061 1.89489
-0.487375 2.79061 1.89489
-0.487375 2.79061 1.89489
-0.487375 2.79061 1.89489
-0.487375 2.79061 1.89489
-0.487375 2.79061 1.89489
-0.49531 2.81328 1.91936
-0.49531 2.81328 1.91936
-0.49531 2.81328 1.91936
-0.49531 2.81328 1.91936
-0.49531 2.81328 1.91936
-0.49531 2.81328 1.91936
-0.49531 2.81328 1.91936
-0.49531 2.81328 1.91936
-0.49531 2.81328 1.91936
-0.49531 2.81328 1.91936
-0.503836 2.83585 1.94403
-0.503836 2.83585 1.94403
-0.503836 2.83585 1.94403
-0.503836 2.83585 1.94403
-0.503836 2.83585 1.94403
-0.503836 2.83585 1.94403
-0.503836 2.83585 1.94403
-0.503836 2.83585 1.94403
-0.503836 2.83585 1.94403
-0.503836 2.83585 1.94403
-0.512965 2.85831 1.9686
-0.512965 2.85831 1.9686
-0.512965 2.85831 1.9686
-0.512965 2.85831 1.9686
-0.512965 2.85831 1.9686
-0.512965 2.85831 1.9686
-0.512965 2.85831 1.9686
-0.512965 2.85831 1.9686
-0.512965 2.85831 1.9686
-0.512965 2.85831 1.9686
-0.521698 2.87846 1.99032
-0.521698 2.87846 1.99032
-0.521698 2.87846 1.99032
-0.521698 2.87846 1.99032
-0.521698 2.87846 1.99032
-0.521698 2.87846 1.99032
-0.521698 2.87846 1.99032
-0.521698 2.87846 1.99032
-0.521698 2.87846 1.99032
-0.521698 2.87846 1.99032
-0.531953 2.90073 2.01385
-0.531953 2.90073 2.01385
-0.531953 2.90073 2.01385
-0.531953 2.90073 2.01385
-0.531953 2.90073 2.01385
-0.531953 2.90073 2.01385
-0.531953 2.90073 2.01385
-0.531953 2.90073 2.01385
-0.531953 2.90073 2.01385
-0.531953 2.90073 2.01385
-0.543884 2.92508 2.03882
-0.543884 2.92508 2.03882
-0.543884 2.92508 2.03882
-0.543884 2.92508 2.03882
-0.543884 2.92508 2.03882
-0.543884 2.92508 2.03882
-0.543884 2.92508 2.03882
-0.543884 2.92508 2.03882
-0.543884 2.92508 2.03882
-0.543884 2.92508 2.03882
-0.552972 2.94268 2.0562
-0.552972 2.94268 2.0562
-0.552972 2.94268 2.0562
-0.552972 2.94268 2.0562
-0.552972 2.94268 2.0562
-0.552972 2.94268 2.0562
-0.552972 2.94268 2.0562
-0.552972 2.94268 2.0562
-0.552972 2.94268 2.0562
-0.552972 2.94268 2.0562
-0.569659 2.97325 2.08501
-0.569659 2.97325 2.08501
-0.569659 2.97325 2.08501
-0.569659 2.97325 2.08501
-0.569659 2.97325 2.08501
-0.569659 2.97325 2.08501
-0.569659 2.97325 2.08501
-0.569659 2.97325 2.08501
-0.569659 2.97325 2.08501
-0.569659 2.97325 2.08501
-0.580885 2.99275 2.10208
-0.580885 2.99275 2.10208
-0.580885 2.99275 2.10208
-0.580885 2.99275 2.10208
-0.580885 2.99275 2.10208
-0.580885 2.99275 2.10208
-0.580885 2.99275 2.10208
-0.580885 2.99275 2.10208
-0.580885 2.99275 2.10208
-0.580885 2.99275 2.10208
-0.595076 3.01639 2.12171
-0.595076 3.01639 2.12171
-0.595076 3.01639 2.12171
-0.595076 3.01639 2.12171
-0.595076 3.01639 2.12171
-0.595076 3.01639 2.12171
-0.595076 3.01639 2.12171
-0.595076 3.01639 2.12171
-0.595076 3.01639 2.12171
-0.595076 3.01639 2.12171
-0.605702 3.03345 2.13497
-0.605702 3.03345 2.13497
-0.605702 3.03345 2.13497
-0.605702 3.03345 2.13497
-0.605702 3.03345 2.13497
-0.605702 3.03345 2.13497
-0.605702 3.03345 2.13497
-0.605702 3.03345 2.13497
-0.605702 3.03345 2.13497
-0.605702 3.03345 2.13497
-0.620696 3.05673 2.1518
-0.620696 3.05673 2.1518
-0.620696 3.05673 2.1518
-0.620696 3.05673 2.1518
-0.620696 3.05673 2.1518
-0.620696 3.05673 2.1518
-0.620696 3.05673 2.1518
-0.620696 3.05673 2.1518
-0.620696 3.05673 2.1518
-0.620696 3.05673 2.1518
-0.633262 3.07562 2.16435
-0.633262 3.07562 2.16435
-0.633262 3.07562 2.16435
-0.633262 3.07562 2.16435
-0.633262 3.07562 2.16435
-0.633262 3.07562 2.16435
-0.633262 3.07562 2.16435
-0.633262 3.07562 2.16435
-0.633262 3.07562 2.16435
-0.633262 3.07562 2.16435
-0.647501 3.09646 2.17711
-0.647501 3.09646 2.17711
-0.647501 3.09646 2.17711
-0.647501 3.09646 2.17711
-0.647501 3.09646 2.17711
-0.647501 3.09646 2.17711
-0.647501 3.09646 2.17711
-0.647501 3.09646 2.17711
-0.647501 3.09646 2.17711
-0.647501 3.09646 2.17711
-0.659085 3.11302 2.18642
-0.659085 3.11302 2.18642
-0.659085 3.11302 2.18642
-0.659085 3.11302 2.18642
-0.659085 3.11302 2.18642
-0.659085 3.11302 2.18642
-0.659085 3.11302 2.18642
-0.659085 3.11302 2.18642
-0.659085 3.11302 2.18642
-0.659085 3.11302 2.18642
-0.67526 3.13562 2.19814
-0.67526 3.13562 2.19814
-0.67526 3.13562 2.19814
-0.67526 3.13562 2.19814
-0.67526 3.13562 2.19814
-0.67526 3.13562 2.19814
-0.67526 3.13562 2.19814
-0.67526 3.13562 2.19814
-0.67526 3.13562 2.19814
-0.67526 3.13562 2.19814
-0.693189 3.16009 2.20896
-0.693189 3.16009 2.20896
-0.693189 3.16009 2.20896
-0.693189 3.16009 2.20896
-0.693189 3.16009 2.20896
-0.693189 3.16009 2.20896
-0.693189 3.16009 2.20896
-0.693189 3.16009 2.20896
-0.693189 3.16009 2.20896
-0.693189 3.16009 2.20896
-0.709834 3.18236 2.21756
-0.709834 3.18236 2.21756
-0.709834 3.18236 2.21756
-0.709834 3.18236 2.21756
-0.709834 3.18236 2.21756
-0.709834 3.18236 2.21756
-0.709834 3.18236 2.21756
-0.709834 3.18236 2.21756
-0.709834 3.18236 2.21756
-0.709834 3.18236 2.21756
-0.722034 3.19849 2.22301
-0.722034 3.19849 2.22301
-0.722034 3.19849 2.22301
-0.722034 3.19849 2.22301
-0.722034 3.19849 2.22301
-0.722034 3.19849 2.22301
-0.722034 3.19849 2.22301
-0.722034 3.19849 2.22301
-0.722034 3.19849 2.22301
-0.722034 3.19849 2.22301
-0.737397 3.21855 2.22908
-0.737397 3.21855 2.22908
-0.737397 3.21855 2.22908
-0.737397 3.21855 2.22908
-0.737397 3.21855 2.22908
-0.737397 3.21855 2.22908
-0.737397 3.21855 2.22908
-0.737397 3.21855 2.22908
-0.737397 3.21855 2.22908
-0.737397 3.21855 2.22908
-0.754424 3.24049 2.23472
-0.754424 3.24049 2.23472
-0.754424 3.24049 2.23472
-0.754424 3.24049 2.23472
-0.754424 3.24049 2.23472
-0.754424 3.24049 2.23472
-0.754424 3.24049 2.23472
-0.754424 3.24049 2.23472
-0.754424 3.24049 2.23472
-0.754424 3.24049 2.23472
-0.766877 3.25639 2.23816
-0.766877 3.25639 2.23816
-0.766877 3.25639 2.23816
-0.766877 3.25639 2.23816
-0.766877 3.25639 2.23816
-0.766877 3.25639 2.23816
-0.766877 3.25639 2.23816
-0.766877 3.25639 2.23816
-0.766877 3.25639 2.23816
-0.766877 3.25639 2.23816
-0.784074 3.27816 2.24204
-0.784074 3.27816 2.24204
-0.784074 3.27816 2.24204
-0.784074 3.27816 2.24204
-0.784074 3.27816 2.24204
-0.784074 3.27816 2.24204
-0.784074 3.27816 2.24204
-0.784074 3.27816 2.24204
-0.784074 3.27816 2.24204
-0.784074 3.27816 2.24204
-0.79817 3.2959 2.24458
-0.79817 3.2959 2.24458
-0.79817 3.2959 2.24458
-0.79817 3.2959 2.24458
-0.79817 3.2959 2.24458
-0.79817 3.2959 2.24458
-0.79817 3.2959 2.24458
-0.79817 3.2959 2.24458
-0.79817 3.2959 2.24458
-0.79817 3.2959 2.24458
-0.813867 3.31555 2.2468
-0.813867 3.31555 2.2468
-0.813867 3.31555 2.2468
-0.813867 3.31555 2.2468
-0.813867 3.31555 2.2468
-0.813867 3.31555 2.2468
-0.813867 3.31555 2.2468
-0.813867 3.31555 2.2468
-0.813867 3.31555 2.2468
-0.813867 3.31555 2.2468
-0.828032 3.3332 2.2483
-0.828032 3.3332 2.2483
-0.828032 3.3332 2.2483
-0.828032 3.3332 2.2483
-0.828032 3.3332 2.2483
-0.828032 3.3332 2.2483
-0.828032 3.3332 2.2483
-0.828032 3.3332 2.2483
-0.828032 3.3332 2.2483
-0.828032 3.3332 2.2483
-0.850176 3.3607 2.24982
-0.850176 3.3607 2.24982
-0.850176 3.3607 2.24982
-0.850176 3.3607 2.24982
-0.850176 3.3607 2.24982
-0.850176 3.3607 2.24982
-0.850176 3.3607 2.24982
-0.850176 3.3607 2.24982
-0.850176 3.3607 2.24982
-0.850176 3.3607 2.24982
-0.864369 3.37828 2.2503
-0.864369 3.37828 2.2503
-0.864369 3.37828 2.2503
-0.864369 3.37828 2.2503
-0.864369 3.37828 2.2503
-0.864369 3.37828 2.2503
-0.864369 3.37828 2.2503
-0.864369 3.37828 2.2503
-0.864369 3.37828 2.2503
-0.864369 3.37828 2.2503
-0.880144 3.39781 2.25049
-0.880144 3.39781 2.25049
-0.880144 3.39781 2.25049
-0.880144 3.39781 2.25049
-0.880144 3.39781 2.25049
-0.880144 3.39781 2.25049
-0.880144 3.39781 2.25049
-0.880144 3.39781 2.25049
-0.880144 3.39781 2.25049
-0.880144 3.39781 2.25049
-0.892763 3.41343 2.25037
-0.892763 3.41343 2.25037
-0.892763 3.41343 2.25037
-0.892763 3.41343 2.25037
-0.892763 3.41343 2.25037
-0.892763 3.41343 2.25037
-0.892763 3.41343 2.25037
-0.892763 3.41343 2.25037
-0.892763 3.41343 2.25037
-0.892763 3.41343 2.25037
-0.910105 3.4349 2.24997
-0.910105 3.4349 2.24997
-0.910105 3.4349 2.24997
-0.910105 3.4349 2.24997
-0.910105 3.4349 2.24997
-0.910105 3.4349 2.24997
-0.910105 3.4349 2.24997
-0.910105 3.4349 2.24997
-0.910105 3.4349 2.24997
-0.910105 3.4349 2.24997
-0.922708 3.45052 2.24948
-0.922708 3.45052 2.24948
-0.922708 3.45052 2.24948
-0.922708 3.45052 2.24948
-0.922708 3.45052 2.24948
-0.922708 3.45052 2.24948
-0.922708 3.45052 2.24948
-0.922708 3.45052 2.24948
-0.922708 3.45052 2.24948
-0.922708 3.45052 2.24948
-0.940021 3.47199 2.24863
-0.940021 3.47199 2.24863
-0.940021 3.47199 2.24863
-0.940021 3.47199 2.24863
-0.940021 3.47199 2.24863
-0.940021 3.47199 2.24863
-0.940021 3.47199 2.24863
-0.940021 3.47199 2.24863
-0.940021 3.47199 2.24863
-0.940021 3.47199 2.24863
-0.954168 3.48958 2.24776
-0.954168 3.48958 2.24776
-0.954168 3.48958 2.24776
-0.954168 3.48958 2.24776
-0.954168 3.48958 2.24776
-0.954168 3.48958 2.24776
-0.954168 3.48958 2.24776
-0.954168 3.48958 2.24776
-0.954168 3.48958 2.24776
-0.954168 3.48958 2.24776
-0.971435 3.51108 2.24657
-0.971435 3.51108 2.24657
-0.971435 3.51108 2.24657
-0.971435 3.51108 2.24657
-0.971435 3.51108 2.24657
-0.971435 3.51108 2.24657
-0.971435 3.51108 2.24657
-0.971435 3.51108 2.24657
-0.971435 3.51108 2.24657
-0.971435 3.51108 2.24657
-0.991803 3.53651 2.245
-0.991803 3.53651 2.245
-0.991803 3.53651 2.245
-0.991803 3.53651 2.245
-0.991803 3.53651 2.245
-0.991803 3.53651 2.245
-0.991803 3.53651 2.245
-0.991803 3.53651 2.245
-0.991803 3.53651 2.245
-0.991803 3.53651 2.245
-1.00119 3.54826 2.24422
-1.00119 3.54826 2.24422
-1.00119 3.54826 2.24422
-1.00119 3.54826 2.24422
-1.00119 3.54826 2.24422
-1.00119 3.54826 2.24422
-1.00119 3.54826 2.24422
-1.00119 3.54826 2.24422
-1.00119 3.54826 2.24422
-1.00119 3.54826 2.24422
-1.02149 3.57374 2.24253
-1.02149 3.57374 2.24253
-1.02149 3.57374 2.24253
-1.02149 3.57374 2.24253
-1.02149 3.57374 2.24253
-1.02149 3.57374 2.24253
-1.02149 3.57374 2.24253
-1.02149 3.57374 2.24253
-1.02149 3.57374 2.24253
-1.02149 3.57374 2.24253
-1.03708 3.59336 2.24123
-1.03708 3.59336 2.24123
-1.03708 3.59336 2.24123
-1.03708 3.59336 2.24123
-1.03708 3.59336 2.24123
-1.03708 3.59336 2.24123
-1.03708 3.59336 2.24123
-1.03708 3.59336 2.24123
-1.03708 3.59336 2.24123
-1.03708 3.59336 2.24123
-1.05108 3.61103 2.24003
-1.05108 3.61103 2.24003
-1.05108 3.61103 2.24003
-1.05108 3.61103 2.24003
-1.05108 3.61103 2.24003
-1.05108 3.61103 2.24003
-1.05108 3.61103 2.24003
-1.05108 3.61103 2.24003
-1.05108 3.61103 2.24003
-1.05108 3.61103 2.24003
-1.06661 3.63068 2.23875
-1.06661 3.63068 2.23875
-1.06661 3.63068 2.23875
-1.06661 3.63068 2.23875
-1.06661 3.63068 2.23875
-1.06661 3.63068 2.23875
-1.06661 3.63068 2.23875
-1.06661 3.63068 2.23875
-1.06661 3.63068 2.23875
-1.06661 3.63068 2.23875
-1.07902 3.64642 2.23773
-1.07902 3.64642 2.23773
-1.07902 3.64642 2.23773
-1.07902 3.64642 2.23773
-1.07902 3.64642 2.23773
-1.07902 3.64642 2.23773
-1.07902 3.64642 2.23773
-1.07902 3.64642 2.23773
-1.07902 3.64642 2.23773
-1.07902 3.64642 2.23773
-1.09606 3.66807 2.23638
-1.09606 3.66807 2.23638
-1.09606 3.66807 2.23638
-1.09606 3.66807 2.23638
-1.09606 3.66807 2.23638
-1.09606 3.66807 2.23638
-1.09606 3.66807 2.23638
-1.09606 3.66807 2.23638
-1.09606 3.66807 2.23638
-1.09606 3.66807 2.23638
-1.10843 3.68384 2.23544
-1.10843 3.68384 2.23544
-1.10843 3.68384 2.23544
-1.10843 3.68384 2.23544
-1.10843 3.68384 2.23544
-1.10843 3.68384 2.23544
-1.10843 3.68384 2.23544
-1.10843 3.68384 2.23544
-1.10843 3.68384 2.23544
-1.10843 3.68384 2.23544
-1.13158 3.71342 2.23378
-1.13158 3.71342 2.23378
-1.13158 3.71342 2.23378
-1.13158 3.71342 2.23378
-1.13158 3.71342 2.23378
-1.13158 3.71342 2.23378
-1.13158 3.71342 2.23378
-1.13158 3.71342 2.23378
-1.13158 3.71342 2.23378
-1.13158 3.71342 2.23378
-1.1439 3.72921 2.23296
-1.1439 3.72921 2.23296
-1.1439 3.72921 2.23296
-1.1439 3.72921 2.23296
-1.1439 3.72921 2.23296
-1.1439 3.72921 2.23296
-1.1439 3.72921 2.23296
-1.1439 3.72921 2.23296
-1.1439 3.72921 2.23296
-1.1439 3.72921 2.23296
-1.1593 3.74896 2.23198
-1.1593 3.74896 2.23198
-1.1593 3.74896 2.23198
-1.1593 3.74896 2.23198
-1.1593 3.74896 2.23198
-1.1593 3.74896 2.23198
-1.1593 3.74896 2.23198
-1.1593 3.74896 2.23198
-1.1593 3.74896 2.23198
-1.1593 3.74896 2.23198
-1.17467 3.76873 2.2311
-1.17467 3.76873 2.2311
-1.17467 3.76873 2.2311
-1.17467 3.76873 2.2311
-1.17467 3.76873 2.2311
-1.17467 3.76873 2.2311
-1.17467 3.76873 2.2311
-1.17467 3.76873 2.2311
-1.17467 3.76873 2.2311
-1.17467 3.76873 2.2311
-1.18695 3.78455 2.23044
-1.18695 3.78455 2.23044
-1.18695 3.78455 2.23044
-1.18695 3.78455 2.23044
-1.18695 3.78455 2.23044
-1.18695 3.78455 2.23044
-1.18695 3.78455 2.23044
-1.18695 3.78455 2.23044
-1.18695 3.78455 2.23044
-1.18695 3.78455 2.23044
-1.20229 3.80434 2.22968
-1.20229 3.80434 2.22968
-1.20229 3.80434 2.22968
-1.20229 3.80434 2.22968
-1.20229 3.80434 2.22968
-1.20229 3.80434 2.22968
-1.20229 3.80434 2.22968
-1.20229 3.80434 2.22968
-1.20229 3.80434 2.22968
-1.20229 3.80434 2.22968
-1.21762 3.82414 2.22901
-1.21762 3.82414 2.22901
-1.21762 3.82414 2.22901
-1.21762 3.82414 2.22901
-1.21762 3.82414 2.22901
-1.21762 3.82414 2.22901
-1.21762 3.82414 2.22901
-1.21762 3.82414 2.22901
-1.21762 3.82414 2.22901
-1.21762 3.82414 2.22901
-1.23752 3.8499 2.22829
-1.23752 3.8499 2.22829
-1.23752 3.8499 2.22829
-1.23752 3.8499 2.22829
-1.23752 3.8499 2.22829
-1.23752 3.8499 2.22829
-1.23752 3.8499 2.22829
-1.23752 3.8499 2.22829
-1.23752 3.8499 2.22829
-1.23752 3.8499 2.22829
-1.25282 3.86972 2.2278
-1.25282 3.86972 2.2278
-1.25282 3.86972 2.2278
-1.25282 3.86972 2.2278
-1.25282 3.86972 2.2278
-1.25282 3.86972 2.2278
-1.25282 3.86972 2.2278
-1.25282 3.86972 2.2278
-1.25282 3.86972 2.2278
-1.25282 3.86972 2.2278
-1.26658 3.88757 2.22742
-1.26658 3.88757 2.22742
-1.26658 3.88757 2.22742
-1.26658 3.88757 2.22742
-1.26658 3.88757 2.22742
-1.26658 3.88757 2.22742
-1.26658 3.88757 2.22742
-1.26658 3.88757 2.22742
-1.26658 3.88757 2.22742
-1.26658 3.88757 2.22742
-1.28186 3.9074 2.22707
-1.28186 3.9074 2.22707
-1.28186 3.9074 2.22707
-1.28186 3.9074 2.22707
-1.28186 3.9074 2.22707
-1.28186 3.9074 2.22707
-1.28186 3.9074 2.22707
-1.28186 3.9074 2.22707
-1.28186 3.9074 2.22707
-1.28186 3.9074 2.22707
-1.2956 3.92526 2.2268
-1.2956 3.92526 2.2268
-1.2956 3.92526 2.2268
-1.2956 3.92526 2.2268
-1.2956 3.92526 2.2268
-1.2956 3.92526 2.2268
-1.2956 3.92526 2.2268
-1.2956 3.92526 2.2268
-1.2956 3.92526 2.2268
-1.2956 3.92526 2.2268
-1.31087 3.94511 2.22654
-1.31087 3.94511 2.22654
-1.31087 3.94511 2.22654
-1.31087 3.94511 2.22654
-1.31087 3.94511 2.22654
-1.31087 3.94511 2.22654
-1.31087 3.94511 2.22654
-1.31087 3.94511 2.22654
-1.31087 3.94511 2.22654
-1.31087 3.94511 2.22654
-1.32309 3.96099 2.22639
-1.32309 3.96099 2.22639
-1.32309 3.96099 2.22639
-1.32309 3.96099 2.22639
-1.32309 3.96099 2.22639
-1.32309 3.96099 2.22639
-1.32309 3.96099 2.22639
-1.32309 3.96099 2.22639
-1.32309 3.96099 2.22639
-1.32309 3.96099 2.22639
-1.33988 3.98283 2.2262
-1.33988 3.98283 2.2262
-1.33988 3.98283 2.2262
-1.33988 3.98283 2.2262
-1.33988 3.98283 2.2262
-1.33988 3.98283 2.2262
-1.33988 3.98283 2.2262
-1.33988 3.98283 2.2262
-1.33988 3.98283 2.2262
-1.33988 3.98283 2.2262
-1.35972 4.00865 2.22607
-1.35972 4.00865 2.22607
-1.35972 4.00865 2.22607
-1.35972 4.00865 2.22607
-1.35972 4.00865 2.22607
-1.35972 4.00865 2.22607
-1.35972 4.00865 2.22607
-1.35972 4.00865 2.22607
-1.35972 4.00865 2.22607
-1.35972 4.00865 2.22607
-1.37498 4.02852 2.226
-1.37498 4.02852 2.226
-1.37498 4.02852 2.226
-1.37498 4.02852 2.226
-1.37498 4.02852 2.226
-1.37498 4.02852 2.226
-1.37498 4.02852 2.226
-1.37498 4.02852 2.226
-1.37498 4.02852 2.226
-1.37498 4.02852 2.226
-1.38719 4.04441 2.22597
-1.38719 4.04441 2.22597
-1.38719 4.04441 2.22597
-1.38719 4.04441 2.22597
-1.38719 4.04441 2.22597
-1.38719 4.04441 2.22597
-1.38719 4.04441 2.22597
-1.38719 4.04441 2.22597
-1.38719 4.04441 2.22597
-1.38719 4.04441 2.22597
-1.40398 4.06627 2.22596
-1.40398 4.06627 2.22596
-1.40398 4.06627 2.22596
-1.40398 4.06627 2.22596
-1.40398 4.06627 2.22596
-1.40398 4.06627 2.22596
-1.40398 4.06627 2.22596
-1.40398 4.06627 2.22596
-1.40398 4.06627 2.22596
-1.40398 4.06627 2.22596
-1.41619 4.08216 2.22599
-1.41619 4.08216 2.22599
-1.41619 4.08216 2.22599
-1.41619 4.08216 2.22599
-1.41619 4.08216 2.22599
-1.41619 4.08216 2.22599
-1.41619 4.08216 2.22599
-1.41619 4.08216 2.22599
-1.41619 4.08216 2.22599
-1.41619 4.08216 2.22599
-1.43761 4.11004 2.2261
-1.43761 4.11004 2.2261
-1.43761 4.11004 2.2261
-1.43761 4.11004 2.2261
-1.43761 4.11004 2.2261
-1.43761 4.11004 2.2261
-1.43761 4.11004 2.2261
-1.43761 4.11004 2.2261
-1.43761 4.11004 2.2261
-1.43761 4.11004 2.2261
-1.4468 4.12199 2.22612
-1.4468 4.12199 2.22612
-1.4468 4.12199 2.22612
-1.4468 4.12199 2.22612
-1.4468 4.12199 2.22612
-1.4468 4.12199 2.22612
-1.4468 4.12199 2.22612
-1.4468 4.12199 2.22612
-1.4468 4.12199 2.22612
-1.4468 4.12199 2.22612
-1.46816 4.14979 2.22625
-1.46816 4.14979 2.22625
-1.46816 4.14979 2.22625
-1.46816 4.14979 2.22625
-1.46816 4.14979 2.22625
-1.46816 4.14979 2.22625
-1.46816 4.14979 2.22625
-1.46816 4.14979 2.22625
-1.46816 4.14979 2.22625
-1.46816 4.14979 2.22625
-1.4819 4.16766 2.22636
-1.4819 4.16766 2.22636
-1.4819 4.16766 2.22636
-1.4819 4.16766 2.22636
-1.4819 4.16766 2.22636
-1.4819 4.16766 2.22636
-1.4819 4.16766 2.22636
-1.4819 4.16766 2.22636
-1.4819 4.16766 2.22636
-1.4819 4.16766 2.22636
-1.49869 4.1895 2.2265
-1.49869 4.1895 2.2265
-1.49869 4.1895 2.2265
-1.49869 4.1895 2.2265
-1.49869 4.1895 2.2265
-1.49869 4.1895 2.2265
-1.49869 4.1895 2.2265
-1.49869 4.1895 2.2265
-1.49869 4.1895 2.2265
-1.49869 4.1895 2.2265
-1.51091 4.20539 2.22659
-1.51091 4.20539 2.22659
-1.51091 4.20539 2.22659
-1.51091 4.20539 2.22659
-1.51091 4.20539 2.22659
-1.51091 4.20539 2.22659
-1.51091 4.20539 2.22659
-1.51091 4.20539 2.22659
-1.51091 4.20539 2.22659
-1.51091 4.20539 2.22659
-1.52771 4.22723 2.22675
-1.52771 4.22723 2.22675
-1.52771 4.22723 2.22675
-1.52771 4.22723 2.22675
-1.52771 4.22723 2.22675
-1.52771 4.22723 2.22675
-1.52771 4.22723 2.22675
-1.52771 4.22723 2.22675
-1.52771 4.22723 2.22675
-1.52771 4.22723 2.22675
-1.53993 4.24311 2.22688
-1.53993 4.24311 2.22688
-1.53993 4.24311 2.22688
-1.53993 4.24311 2.22688
-1.53993 4.24311 2.22688
-1.53993 4.24311 2.22688
-1.53993 4.24311 2.22688
-1.53993 4.24311 2.22688
-1.53993 4.24311 2.22688
-1.53993 4.24311 2.22688
-1.55674 4.26495 2.22706
-1.55674 4.26495 2.22706
-1.55674 4.26495 2.22706
-1.55674 4.26495 2.22706
-1.55674 4.26495 2.22706
-1.55674 4.26495 2.22706
-1.55674 4.26495 2.22706
-1.55674 4.26495 2.22706
-1.55674 4.26495 2.22706
-1.55674 4.26495 2.22706
-1.56897 4.28083 2.22719
-1.56897 4.28083 2.22719
-1.56897 4.28083 2.22719
-1.56897 4.28083 2.22719
-1.56897 4.28083 2.22719
-1.56897 4.28083 2.22719
-1.56897 4.28083 2.22719
-1.56897 4.28083 2.22719
-1.56897 4.28083 2.22719
-1.56897 4.28083 2.22719
-1.59038 4.30862 2.22742
-1.59038 4.30862 2.22742
-1.59038 4.30862 2.22742
-1.59038 4.30862 2.22742
-1.59038 4.30862 2.22742
-1.59038 4.30862 2.22742
-1.59038 4.30862 2.22742
-1.59038 4.30862 2.22742
-1.59038 4.30862 2.22742
-1.59038 4.30862 2.22742
-1.60414 4.32648 2.22757
-1.60414 4.32648 2.22757
-1.60414 4.32648 2.22757
-1.60414 4.32648 2.22757
-1.60414 4.32648 2.22757
-1.60414 4.32648 2.22757
-1.60414 4.32648 2.22757
-1.60414 4.32648 2.22757
-1.60414 4.32648 2.22757
-1.60414 4.32648 2.22757
-1.62097 4.34831 2.22776
-1.62097 4.34831 2.22776
-1.62097 4.34831 2.22776
-1.62097 4.34831 2.22776
-1.62097 4.34831 2.22776
-1.62097 4.34831 2.22776
-1.62097 4.34831 2.22776
-1.62097 4.34831 2.22776
-1.62097 4.34831 2.22776
-1.62097 4.34831 2.22776
-1.63474 4.36616 2.22791
-1.63474 4.36616 2.22791
-1.63474 4.36616 2.22791
-1.63474 4.36616 2.22791
-1.63474 4.36616 2.22791
-1.63474 4.36616 2.22791
-1.63474 4.36616 2.22791
-1.63474 4.36616 2.22791
-1.63474 4.36616 2.22791
-1.63474 4.36616 2.22791
-1.65005 4.386 2.22808
-1.65005 4.386 2.22808
-1.65005 4.386 2.22808
-1.65005 4.386 2.22808
-1.65005 4.386 2.22808
-1.65005 4.386 2.22808
-1.65005 4.386 2.22808
-1.65005 4.386 2.22808
-1.65005 4.386 2.22808
-1.65005 4.386 2.22808
-1.66383 4.40386 2.22823
-1.66383 4.40386 2.22823
-1.66383 4.40386 2.22823
-1.66383 4.40386 2.22823
-1.66383 4.40386 2.22823
-1.66383 4.40386 2.22823
-1.66383 4.40386 2.22823
-1.66383 4.40386 2.22823
-1.66383 4.40386 2.22823
-1.66383 4.40386 2.22823
-1.67914 4.42369 2.22836
-1.67914 4.42369 2.22836
-1.67914 4.42369 2.22836
-1.67914 4.42369 2.22836
-1.67914 4.42369 2.22836
-1.67914 4.42369 2.22836
-1.67914 4.42369 2.22836
-1.67914 4.42369 2.22836
-1.67914 4.42369 2.22836
-1.67914 4.42369 2.22836
-1.69598 4.44551 2.22849
-1.69598 4.44551 2.22849
-1.69598 4.44551 2.22849
-1.69598 4.44551 2.22849
-1.69598 4.44551 2.22849
-1.69598 4.44551 2.22849
-1.69598 4.44551 2.22849
-1.69598 4.44551 2.22849
-1.69598 4.44551 2.22849
-1.69598 4.44551 2.22849
-1.70824 4.46138 2.2286
-1.70824 4.46138 2.2286
-1.70824 4.46138 2.2286
-1.70824 4.46138 2.2286
-1.70824 4.46138 2.2286
-1.70824 4.46138 2.2286
-1.70824 4.46138 2.2286
-1.70824 4.46138 2.2286
-1.70824 4.46138 2.2286
-1.70824 4.46138 2.2286
-1.72509 4.48319 2.22875
-1.72509 4.48319 2.22875
-1.72509 4.48319 2.22875
-1.72509 4.48319 2.22875
-1.72509 4.48319 2.22875
-1.72509 4.48319 2.22875
-1.72509 4.48319 2.22875
-1.72509 4.48319 2.22875
-1.72509 4.48319 2.22875
-1.72509 4.48319 2.22875
-1.73735 4.49906 2.22887
-1.73735 4.49906 2.22887
-1.73735 4.49906 2.22887
-1.73735 4.49906 2.22887
-1.73735 4.49906 2.22887
-1.73735 4.49906 2.22887
-1.73735 4.49906 2.22887
-1.73735 4.49906 2.22887
-1.73735 4.49906 2.22887
-1.73735 4.49906 2.22887
-1.75421 4.52087 2.22902
-1.75421 4.52087 2.22902
-1.75421 4.52087 2.22902
-1.75421 4.52087 2.22902
-1.75421 4.52087 2.22902
-1.75421 4.52087 2.22902
-1.75421 4.52087 2.22902
-1.75421 4.52087 2.22902
-1.75421 4.52087 2.22902
-1.75421 4.52087 2.22902
-1.77413 4.54664 2.22919
-1.77413 4.54664 2.22919
-1.77413 4.54664 2.22919
-1.77413 4.54664 2.22919
-1.77413 4.54664 2.22919
-1.77413 4.54664 2.22919
-1.77413 4.54664 2.22919
-1.77413 4.54664 2.22919
-1.77413 4.54664 2.22919
-1.77413 4.54664 2.22919
-1.78333 4.55853 2.22927
-1.78333 4.55853 2.22927
-1.78333 4.55853 2.22927
-1.78333 4.55853 2.22927
-1.78333 4.55853 2.22927
-1.78333 4.55853 2.22927
-1.78333 4.55853 2.22927
-1.78333 4.55853 2.22927
-1.78333 4.55853 2.22927
-1.78333 4.55853 2.22927
-1.80327 4.5843 2.22946
-1.80327 4.5843 2.22946
-1.80327 4.5843 2.22946
-1.80327 4.5843 2.22946
-1.80327 4.5843 2.22946
-1.80327 4.5843 2.22946
-1.80327 4.5843 2.22946
-1.80327 4.5843 2.22946
-1.80327 4.5843 2.22946
-1.80327 4.5843 2.22946
-1.81861 4.60412 2.22959
-1.81861 4.60412 2.22959
-1.81861 4.60412 2.22959
-1.81861 4.60412 2.22959
-1.81861 4.60412 2.22959
-1.81861 4.60412 2.22959
-1.81861 4.60412 2.22959
-1.81861 4.60412 2.22959
-1.81861 4.60412 2.22959
-1.81861 4.60412 2.22959
-1.83235 4.62182 2.22923
-1.83235 4.62182 2.22923
-1.83235 4.62182 2.22923
-1.83235 4.62182 2.22923
-1.83235 4.62182 2.22923
-1.83235 4.62182 2.22923
-1.83235 4.62182 2.22923
-1.83235 4.62182 2.22923
-1.83235 4.62182 2.22923
-1.83235 4.62182 2.22923
-1.84763 4.64157 2.22948
-1.84763 4.64157 2.22948
-1.84763 4.64157 2.22948
-1.84763 4.64157 2.22948
-1.84763 4.64157 2.22948
-1.84763 4.64157 2.22948
-1.84763 4.64157 2.22948
-1.84763 4.64157 2.22948
-1.84763 4.64157 2.22948
-1.84763 4.64157 2.22948
-1.86146 4.65942 2.22964
-1.86146 4.65942 2.22964
-1.86146 4.65942 2.22964
-1.86146 4.65942 2.22964
-1.86146 4.65942 2.22964
-1.86146 4.65942 2.22964
-1.86146 4.65942 2.22964
-1.86146 4.65942 2.22964
-1.86146 4.65942 2.22964
-1.86146 4.65942 2.22964
-1.87834 4.68124 2.22984
-1.87834 4.68124 2.22984
-1.87834 4.68124 2.22984
-1.87834 4.68124 2.22984
-1.87834 4.68124 2.22984
-1.87834 4.68124 2.22984
-1.87834 4.68124 2.22984
-1.87834 4.68124 2.22984
-1.87834 4.68124 2.22984
-1.87834 4.68124 2.22984
-1.89063 4.6971 2.22997
-1.89063 4.6971 2.22997
-1.89063 4.6971 2.22997
-1.89063 4.6971 2.22997
-1.89063 4.6971 2.22997
-1.89063 4.6971 2.22997
-1.89063 4.6971 2.22997
-1.89063 4.6971 2.22997
-1.89063 4.6971 2.22997
-1.89063 4.6971 2.22997
-1.90752 4.71891 2.23015
-1.90752 4.71891 2.23015
-1.90752 4.71891 2.23015
-1.90752 4.71891 2.23015
-1.90752 4.71891 2.23015
-1.90752 4.71891 2.23015
-1.90752 4.71891 2.23015
-1.90752 4.71891 2.23015
-1.90752 4.71891 2.23015
-1.90752 4.71891 2.23015
-1.92749 4.74467 2.23034
-1.92749 4.74467 2.23034
-1.92749 4.74467 2.23034
-1.92749 4.74467 2.23034
-1.92749 4.74467 2.23034
-1.92749 4.74467 2.23034
-1.92749 4.74467 2.23034
-1.92749 4.74467 2.23034
-1.92749 4.74467 2.23034
-1.92749 4.74467 2.23034
-1.93671 4.75656 2.23043
-1.93671 4.75656 2.23043
-1.93671 4.75656 2.23043
-1.93671 4.75656 2.23043
-1.93671 4.75656 2.23043
-1.93671 4.75656 2.23043
-1.93671 4.75656 2.23043
-1.93671 4.75656 2.23043
-1.93671 4.75656 2.23043
-1.93671 4.75656 2.23043
-1.95822 4.7843 2.23059
-1.95822 4.7843 2.23059
-1.95822 4.7843 2.23059
-1.95822 4.7843 2.23059
-1.95822 4.7843 2.23059
-1.95822 4.7843 2.23059
-1.95822 4.7843 2.23059
-1.95822 4.7843 2.23059
-1.95822 4.7843 2.23059
-1.95822 4.7843 2.23059
-1.96591 4.7942 2.23064
-1.96591 4.7942 2.23064
-1.96591 4.7942 2.23064
-1.96591 4.7942 2.23064
-1.96591 4.7942 2.23064
-1.96591 4.7942 2.23064
-1.96591 4.7942 2.23064
-1.96591 4.7942 2.23064
-1.96591 4.7942 2.23064
-1.96591 4.7942 2.23064
-1.98897 4.82391 2.23087
-1.98897 4.82391 2.23087
-1.98897 4.82391 2.23087
-1.98897 4.82391 2.23087
-1.98897 4.82391 2.23087
-1.98897 4.82391 2.23087
-1.98897 4.82391 2.23087
-1.98897 4.82391 2.23087
-1.98897 4.82391 2.23087
-1.98897 4.82391 2.23087
-2.00127 4.83975 2.23098
-2.00127 4.83975 2.23098
-2.00127 4.83975 2.23098
-2.00127 4.83975 2.23098
-2.00127 4.83975 2.23098
-2.00127 4.83975 2.23098
-2.00127 4.83975 2.23098
-2.00127 4.83975 2.23098
-2.00127 4.83975 2.23098
-2.00127 4.83975 2.23098
-2.01818 4.86153 2.23114
-2.01818 4.86153 2.23114
-2.01818 4.86153 2.23114
-2.01818 4.86153 2.23114
-2.01818 4.86153 2.23114
-2.01818 4.86153 2.23114
-2.01818 4.86153 2.23114
-2.01818 4.86153 2.23114
-2.01818 4.86153 2.23114
-2.01818 4.86153 2.23114
-2.03042 4.87724 2.23073
-2.03042 4.87724 2.23073
-2.03042 4.87724 2.23073
-2.03042 4.87724 2.23073
-2.03042 4.87724 2.23073
-2.03042 4.87724 2.23073
-2.03042 4.87724 2.23073
-2.03042 4.87724 2.23073
-2.03042 4.87724 2.23073
-2.03042 4.87724 2.23073
-2.04727 4.89894 2.23101
-2.04727 4.89894 2.23101
-2.04727 4.89894 2.23101
-2.04727 4.89894 2.23101
-2.04727 4.89894 2.23101
-2.04727 4.89894 2.23101
-2.04727 4.89894 2.23101
-2.04727 4.89894 2.23101
-2.04727 4.89894 2.23101
-2.04727 4.89894 2.23101
-2.06112 4.91678 2.23116
-2.06112 4.91678 2.23116
-2.06112 4.91678 2.23116
-2.06112 4.91678 2.23116
-2.06112 4.91678 2.23116
-2.06112 4.91678 2.23116
-2.06112 4.91678 2.23116
-2.06112 4.91678 2.23116
-2.06112 4.91678 2.23116
-2.06112 4.91678 2.23116
-2.07651 4.9366 2.23133
-2.07651 4.9366 2.23133
-2.07651 4.9366 2.23133
-2.07651 4.9366 2.23133
-2.07651 4.9366 2.23133
-2.07651 4.9366 2.23133
-2.07651 4.9366 2.23133
-2.07651 4.9366 2.23133
-2.07651 4.9366 2.23133
-2.07651 4.9366 2.23133
-2.09651 4.96235 2.23153
-2.09651 4.96235 2.23153
-2.09651 4.96235 2.23153
-2.09651 4.96235 2.23153
-2.09651 4.96235 2.23153
-2.09651 4.96235 2.23153
-2.09651 4.96235 2.23153
-2.09651 4.96235 2.23153
-2.09651 4.96235 2.23153
-2.09651 4.96235 2.23153
-2.10575 4.97423 2.23162
-2.10575 4.97423 2.23162
-2.10575 4.97423 2.23162
-2.10575 4.97423 2.23162
-2.10575 4.97423 2.23162
-2.10575 4.97423 2.23162
-2.10575 4.97423 2.23162
-2.10575 4.97423 2.23162
-2.10575 4.97423 2.23162
-2.10575 4.97423 2.23162
-2.12268 4.99601 2.23178
-2.12268 4.99601 2.23178
-2.12268 4.99601 2.23178
-2.12268 4.99601 2.23178
-2.12268 4.99601 2.23178
-2.12268 4.99601 2.23178
-2.12268 4.99601 2.23178
-2.12268 4.99601 2.23178
-2.12268 4.99601 2.23178
-2.12268 4.99601 2.23178
-2.13654 5.01382 2.2319
-2.13654 5.01382 2.2319
-2.13654 5.01382 2.2319
-2.13654 5.01382 2.2319
-2.13654 5.01382 2.2319
-2.13654 5.01382 2.2319
-2.13654 5.01382 2.2319
-2.13654 5.01382 2.2319
-2.13654 5.01382 2.2319
-2.13654 5.01382 2.2319
