-1.2937 -1.19997 0.0123281
-1.2937 -1.19997 0.0123281
-1.2937 -1.19997 0.0123281
-1.2937 -1.19997 0.0123281
-1.2937 -1.19997 0.0123281
-1.2937 -1.19997 0.0123281
-1.2937 -1.19997 0.0123281
-1.2937 -1.19997 0.0123281
-1.2937 -1.19997 0.0123281
-1.2937 -1.19997 0.0123281
-1.2919 -1.19995 0.0442501
-1.2919 -1.19995 0.0442501
-1.2919 -1.19995 0.0442501
-1.2919 -1.19995 0.0442501
-1.2919 -1.19995 0.0442501
-1.2919 -1.19995 0.0442501
-1.2919 -1.19995 0.0442501
-1.2919 -1.19995 0.0442501
-1.2919 -1.19995 0.0442501
-1.2919 -1.19995 0.0442501
-1.29019 -1.19955 0.0708977
-1.29019 -1.19955 0.0708977
-1.29019 -1.19955 0.0708977
-1.29019 -1.19955 0.0708977
-1.29019 -1.19955 0.0708977
-1.29019 -1.19955 0.0708977
-1.29019 -1.19955 0.0708977
-1.29019 -1.19955 0.0708977
-1.29019 -1.19955 0.0708977
-1.29019 -1.19955 0.0708977
-1.28213 -1.19879 0.033686
-1.28213 -1.19879 0.033686
-1.28213 -1.19879 0.033686
-1.28213 -1.19879 0.033686
-1.28213 -1.19879 0.033686
-1.28213 -1.19879 0.033686
-1.28213 -1.19879 0.033686
-1.28213 -1.19879 0.033686
-1.28213 -1.19879 0.033686
-1.28213 -1.19879 0.033686
-1.2732 -1.19873 -0.0220771
-1.2732 -1.19873 -0.0220771
-1.2732 -1.19873 -0.0220771
-1.2732 -1.19873 -0.0220771
-1.2732 -1.19873 -0.0220771
-1.2732 -1.19873 -0.0220771
-1.2732 -1.19873 -0.0220771
-1.2732 -1.19873 -0.0220771
-1.2732 -1.19873 -0.0220771
-1.2732 -1.19873 -0.0220771
-1.25607 -1.2 -0.125456
-1.25607 -1.2 -0.125456
-1.25607 -1.2 -0.125456
-1.25607 -1.2 -0.125456
-1.25607 -1.2 -0.125456
-1.25607 -1.2 -0.125456
-1.25607 -1.2 -0.125456
-1.25607 -1.2 -0.125456
-1.25607 -1.2 -0.125456
-1.25607 -1.2 -0.125456
-1.2455 -1.20169 -0.190693
-1.2455 -1.20169 -0.190693
-1.2455 -1.20169 -0.190693
-1.2455 -1.20169 -0.190693
-1.2455 -1.20169 -0.190693
-1.2455 -1.20169 -0.190693
-1.2455 -1.20169 -0.190693
-1.2455 -1.20169 -0.190693
-1.2455 -1.20169 -0.190693
-1.2455 -1.20169 -0.190693
-1.23851 -1.2032 -0.234186
-1.23851 -1.2032 -0.234186
-1.23851 -1.2032 -0.234186
-1.23851 -1.2032 -0.234186
-1.23851 -1.2032 -0.234186
-1.23851 -1.2032 -0.234186
-1.23851 -1.2032 -0.234186
-1.23851 -1.2032 -0.234186
-1.23851 -1.2032 -0.234186
-1.23851 -1.2032 -0.234186
-1.2255 -1.20651 -0.27598
-1.2255 -1.20651 -0.27598
-1.2255 -1.20651 -0.27598
-1.2255 -1.20651 -0.27598
-1.2255 -1.20651 -0.27598
-1.2255 -1.20651 -0.27598
-1.2255 -1.20651 -0.27598
-1.2255 -1.20651 -0.27598
-1.2255 -1.20651 -0.27598
-1.2255 -1.20651 -0.27598
-1.21124 -1.2106 -0.278016
-1.21124 -1.2106 -0.278016
-1.21124 -1.2106 -0.278016
-1.21124 -1.2106 -0.278016
-1.21124 -1.2106 -0.278016
-1.21124 -1.2106 -0.278016
-1.21124 -1.2106 -0.278016
-1.21124 -1.2106 -0.278016
-1.21124 -1.2106 -0.278016
-1.21124 -1.2106 -0.278016
-1.19799 -1.21426 -0.284648
-1.19799 -1.21426 -0.284648
-1.19799 -1.21426 -0.284648
-1.19799 -1.21426 -0.284648
-1.19799 -1.21426 -0.284648
-1.19799 -1.21426 -0.284648
-1.19799 -1.21426 -0.284648
-1.19799 -1.21426 -0.284648
-1.19799 -1.21426 -0.284648
-1.19799 -1.21426 -0.284648
-1.18451 -1.21771 -0.220478
-1.18451 -1.21771 -0.220478
-1.18451 -1.21771 -0.220478
-1.18451 -1.21771 -0.220478
-1.18451 -1.21771 -0.220478
-1.18451 -1.21771 -0.220478
-1.18451 -1.21771 -0.220478
-1.18451 -1.21771 -0.220478
-1.18451 -1.21771 -0.220478
-1.18451 -1.21771 -0.220478
-1.17109 -1.22028 -0.158441
-1.17109 -1.22028 -0.158441
-1.17109 -1.22028 -0.158441
-1.17109 -1.22028 -0.158441
-1.17109 -1.22028 -0.158441
-1.17109 -1.22028 -0.158441
-1.17109 -1.22028 -0.158441
-1.17109 -1.22028 -0.158441
-1.17109 -1.22028 -0.158441
-1.17109 -1.22028 -0.158441
-1.15224 -1.22259 -0.0838839
-1.15224 -1.22259 -0.0838839
-1.15224 -1.22259 -0.0838839
-1.15224 -1.22259 -0.0838839
-1.15224 -1.22259 -0.0838839
-1.15224 -1.22259 -0.0838839
-1.15224 -1.22259 -0.0838839
-1.15224 -1.22259 -0.0838839
-1.15224 -1.22259 -0.0838839
-1.15224 -1.22259 -0.0838839
-1.13091 -1.22352 -0.0215773
-1.13091 -1.22352 -0.0215773
-1.13091 -1.22352 -0.0215773
-1.13091 -1.22352 -0.0215773
-1.13091 -1.22352 -0.0215773
-1.13091 -1.22352 -0.0215773
-1.13091 -1.22352 -0.0215773
-1.13091 -1.22352 -0.0215773
-1.13091 -1.22352 -0.0215773
-1.13091 -1.22352 -0.0215773
-1.11835 -1.2238 -0.0380192
-1.11835 -1.2238 -0.0380192
-1.11835 -1.2238 -0.0380192
-1.11835 -1.2238 -0.0380192
-1.11835 -1.2238 -0.0380192
-1.11835 -1.2238 -0.0380192
-1.11835 -1.2238 -0.0380192
-1.11835 -1.2238 -0.0380192
-1.11835 -1.2238 -0.0380192
-1.11835 -1.2238 -0.0380192
-1.10578 -1.22442 -0.0691912
-1.10578 -1.22442 -0.0691912
-1.10578 -1.22442 -0.0691912
-1.10578 -1.22442 -0.0691912
-1.10578 -1.22442 -0.0691912
-1.10578 -1.22442 -0.0691912
-1.10578 -1.22442 -0.0691912
-1.10578 -1.22442 -0.0691912
-1.10578 -1.22442 -0.0691912
-1.10578 -1.22442 -0.0691912
-1.09529 -1.22536 -0.113113
-1.09529 -1.22536 -0.113113
-1.09529 -1.22536 -0.113113
-1.09529 -1.22536 -0.113113
-1.09529 -1.22536 -0.113113
-1.09529 -1.22536 -0.113113
-1.09529 -1.22536 -0.113113
-1.09529 -1.22536 -0.113113
-1.09529 -1.22536 -0.113113
-1.09529 -1.22536 -0.113113
-1.08209 -1.22723 -0.143479
-1.08209 -1.22723 -0.143479
-1.08209 -1.22723 -0.143479
-1.08209 -1.22723 -0.143479
-1.08209 -1.22723 -0.143479
-1.08209 -1.22723 -0.143479
-1.08209 -1.22723 -0.143479
-1.08209 -1.22723 -0.143479
-1.08209 -1.22723 -0.143479
-1.08209 -1.22723 -0.143479
-1.06638 -1.22942 -0.111618
-1.06638 -1.22942 -0.111618
-1.06638 -1.22942 -0.111618
-1.06638 -1.22942 -0.111618
-1.06638 -1.22942 -0.111618
-1.06638 -1.22942 -0.111618
-1.06638 -1.22942 -0.111618
-1.06638 -1.22942 -0.111618
-1.06638 -1.22942 -0.111618
-1.06638 -1.22942 -0.111618
-1.04503 -1.23097 -0.0316318
-1.04503 -1.23097 -0.0316318
-1.04503 -1.23097 -0.0316318
-1.04503 -1.23097 -0.0316318
-1.04503 -1.23097 -0.0316318
-1.04503 -1.23097 -0.0316318
-1.04503 -1.23097 -0.0316318
-1.04503 -1.23097 -0.0316318
-1.04503 -1.23097 -0.0316318
-1.04503 -1.23097 -0.0316318
-1.02444 -1.23089 0.0381881
-1.02444 -1.23089 0.0381881
-1.02444 -1.23089 0.0381881
-1.02444 -1.23089 0.0381881
-1.02444 -1.23089 0.0381881
-1.02444 -1.23089 0.0381881
-1.02444 -1.23089 0.0381881
-1.02444 -1.23089 0.0381881
-1.02444 -1.23089 0.0381881
-1.02444 -1.23089 0.0381881
-1.00028 -1.22907 0.108203
-1.00028 -1.22907 0.108203
-1.00028 -1.22907 0.108203
-1.00028 -1.22907 0.108203
-1.00028 -1.22907 0.108203
-1.00028 -1.22907 0.108203
-1.00028 -1.22907 0.108203
-1.00028 -1.22907 0.108203
-1.00028 -1.22907 0.108203
-1.00028 -1.22907 0.108203
-0.972922 -1.22505 0.179097
-0.972922 -1.22505 0.179097
-0.972922 -1.22505 0.179097
-0.972922 -1.22505 0.179097
-0.972922 -1.22505 0.179097
-0.972922 -1.22505 0.179097
-0.972922 -1.22505 0.179097
-0.972922 -1.22505 0.179097
-0.972922 -1.22505 0.179097
-0.972922 -1.22505 0.179097
-0.95246 -1.22081 0.22526
-0.95246 -1.22081 0.22526
-0.95246 -1.22081 0.22526
-0.95246 -1.22081 0.22526
-0.95246 -1.22081 0.22526
-0.95246 -1.22081 0.22526
-0.95246 -1.22081 0.22526
-0.95246 -1.22081 0.22526
-0.95246 -1.22081 0.22526
-0.95246 -1.22081 0.22526
-0.913713 -1.2102 0.303679
-0.913713 -1.2102 0.303679
-0.913713 -1.2102 0.303679
-0.913713 -1.2102 0.303679
-0.913713 -1.2102 0.303679
-0.913713 -1.2102 0.303679
-0.913713 -1.2102 0.303679
-0.913713 -1.2102 0.303679
-0.913713 -1.2102 0.303679
-0.913713 -1.2102 0.303679
-0.8903 -1.20227 0.345439
-0.8903 -1.20227 0.345439
-0.8903 -1.20227 0.345439
-0.8903 -1.20227 0.345439
-0.8903 -1.20227 0.345439
-0.8903 -1.20227 0.345439
-0.8903 -1.20227 0.345439
-0.8903 -1.20227 0.345439
-0.8903 -1.20227 0.345439
-0.8903 -1.20227 0.345439
-0.866981 -1.1933 0.384687
-0.866981 -1.1933 0.384687
-0.866981 -1.1933 0.384687
-0.866981 -1.1933 0.384687
-0.866981 -1.1933 0.384687
-0.866981 -1.1933 0.384687
-0.866981 -1.1933 0.384687
-0.866981 -1.1933 0.384687
-0.866981 -1.1933 0.384687
-0.866981 -1.1933 0.384687
-0.841248 -1.18222 0.425641
-0.841248 -1.18222 0.425641
-0.841248 -1.18222 0.425641
-0.841248 -1.18222 0.425641
-0.841248 -1.18222 0.425641
-0.841248 -1.18222 0.425641
-0.841248 -1.18222 0.425641
-0.841248 -1.18222 0.425641
-0.841248 -1.18222 0.425641
-0.841248 -1.18222 0.425641
-0.815708 -1.17 0.463245
-0.815708 -1.17 0.463245
-0.815708 -1.17 0.463245
-0.815708 -1.17 0.463245
-0.815708 -1.17 0.463245
-0.815708 -1.17 0.463245
-0.815708 -1.17 0.463245
-0.815708 -1.17 0.463245
-0.815708 -1.17 0.463245
-0.815708 -1.17 0.463245
-0.792918 -1.15812 0.49455
-0.792918 -1.15812 0.49455
-0.792918 -1.15812 0.49455
-0.792918 -1.15812 0.49455
-0.792918 -1.15812 0.49455
-0.792918 -1.15812 0.49455
-0.792918 -1.15812 0.49455
-0.792918 -1.15812 0.49455
-0.792918 -1.15812 0.49455
-0.792918 -1.15812 0.49455
-0.767931 -1.14407 0.527897
-0.767931 -1.14407 0.527897
-0.767931 -1.14407 0.527897
-0.767931 -1.14407 0.527897
-0.767931 -1.14407 0.527897
-0.767931 -1.14407 0.527897
-0.767931 -1.14407 0.527897
-0.767931 -1.14407 0.527897
-0.767931 -1.14407 0.527897
-0.767931 -1.14407 0.527897
-0.743372 -1.12917 0.560546
-0.743372 -1.12917 0.560546
-0.743372 -1.12917 0.560546
-0.743372 -1.12917 0.560546
-0.743372 -1.12917 0.560546
-0.743372 -1.12917 0.560546
-0.743372 -1.12917 0.560546
-0.743372 -1.12917 0.560546
-0.743372 -1.12917 0.560546
-0.743372 -1.12917 0.560546
-0.716876 -1.11184 0.595703
-0.716876 -1.11184 0.595703
-0.716876 -1.11184 0.595703
-0.716876 -1.11184 0.595703
-0.716876 -1.11184 0.595703
-0.716876 -1.11184 0.595703
-0.716876 -1.11184 0.595703
-0.716876 -1.11184 0.595703
-0.716876 -1.11184 0.595703
-0.716876 -1.11184 0.595703
-0.697959 -1.09864 0.620633
-0.697959 -1.09864 0.620633
-0.697959 -1.09864 0.620633
-0.697959 -1.09864 0.620633
-0.697959 -1.09864 0.620633
-0.697959 -1.09864 0.620633
-0.697959 -1.09864 0.620633
-0.697959 -1.09864 0.620633
-0.697959 -1.09864 0.620633
-0.697959 -1.09864 0.620633
-0.672445 -1.07972 0.65429
-0.672445 -1.07972 0.65429
-0.672445 -1.07972 0.65429
-0.672445 -1.07972 0.65429
-0.672445 -1.07972 0.65429
-0.672445 -1.07972 0.65429
-0.672445 -1.07972 0.65429
-0.672445 -1.07972 0.65429
-0.672445 -1.07972 0.65429
-0.672445 -1.07972 0.65429
-0.643043 -1.05623 0.692647
-0.643043 -1.05623 0.692647
-0.643043 -1.05623 0.692647
-0.643043 -1.05623 0.692647
-0.643043 -1.05623 0.692647
-0.643043 -1.05623 0.692647
-0.643043 -1.05623 0.692647
-0.643043 -1.05623 0.692647
-0.643043 -1.05623 0.692647
-0.643043 -1.05623 0.692647
-0.62976 -1.045 0.709987
-0.62976 -1.045 0.709987
-0.62976 -1.045 0.709987
-0.62976 -1.045 0.709987
-0.62976 -1.045 0.709987
-0.62976 -1.045 0.709987
-0.62976 -1.045 0.709987
-0.62976 -1.045 0.709987
-0.62976 -1.045 0.709987
-0.62976 -1.045 0.709987
-0.601608 -1.01987 0.74688
-0.601608 -1.01987 0.74688
-0.601608 -1.01987 0.74688
-0.601608 -1.01987 0.74688
-0.601608 -1.01987 0.74688
-0.601608 -1.01987 0.74688
-0.601608 -1.01987 0.74688
-0.601608 -1.01987 0.74688
-0.601608 -1.01987 0.74688
-0.601608 -1.01987 0.74688
-0.578477 -0.997783 0.777326
-0.578477 -0.997783 0.777326
-0.578477 -0.997783 0.777326
-0.578477 -0.997783 0.777326
-0.578477 -0.997783 0.777326
-0.578477 -0.997783 0.777326
-0.578477 -0.997783 0.777326
-0.578477 -0.997783 0.777326
-0.578477 -0.997783 0.777326
-0.578477 -0.997783 0.777326
-0.562055 -0.981265 0.798915
-0.562055 -0.981265 0.798915
-0.562055 -0.981265 0.798915
-0.562055 -0.981265 0.798915
-0.562055 -0.981265 0.798915
-0.562055 -0.981265 0.798915
-0.562055 -0.981265 0.798915
-0.562055 -0.981265 0.798915
-0.562055 -0.981265 0.798915
-0.562055 -0.981265 0.798915
-0.540039 -0.957969 0.828247
-0.540039 -0.957969 0.828247
-0.540039 -0.957969 0.828247
-0.540039 -0.957969 0.828247
-0.540039 -0.957969 0.828247
-0.540039 -0.957969 0.828247
-0.540039 -0.957969 0.828247
-0.540039 -0.957969 0.828247
-0.540039 -0.957969 0.828247
-0.540039 -0.957969 0.828247
-0.524437 -0.940609 0.84915
-0.524437 -0.940609 0.84915
-0.524437 -0.940609 0.84915
-0.524437 -0.940609 0.84915
-0.524437 -0.940609 0.84915
-0.524437 -0.940609 0.84915
-0.524437 -0.940609 0.84915
-0.524437 -0.940609 0.84915
-0.524437 -0.940609 0.84915
-0.524437 -0.940609 0.84915
-0.505444 -0.91845 0.875106
-0.505444 -0.91845 0.875106
-0.505444 -0.91845 0.875106
-0.505444 -0.91845 0.875106
-0.505444 -0.91845 0.875106
-0.505444 -0.91845 0.875106
-0.505444 -0.91845 0.875106
-0.505444 -0.91845 0.875106
-0.505444 -0.91845 0.875106
-0.505444 -0.91845 0.875106
-0.487006 -0.895789 0.900596
-0.487006 -0.895789 0.900596
-0.487006 -0.895789 0.900596
-0.487006 -0.895789 0.900596
-0.487006 -0.895789 0.900596
-0.487006 -0.895789 0.900596
-0.487006 -0.895789 0.900596
-0.487006 -0.895789 0.900596
-0.487006 -0.895789 0.900596
-0.487006 -0.895789 0.900596
-0.469128 -0.872655 0.925752
-0.469128 -0.872655 0.925752
-0.469128 -0.872655 0.925752
-0.469128 -0.872655 0.925752
-0.469128 -0.872655 0.925752
-0.469128 -0.872655 0.925752
-0.469128 -0.872655 0.925752
-0.469128 -0.872655 0.925752
-0.469128 -0.872655 0.925752
-0.469128 -0.872655 0.925752
-0.451826 -0.84907 0.950612
-0.451826 -0.84907 0.950612
-0.451826 -0.84907 0.950612
-0.451826 -0.84907 0.950612
-0.451826 -0.84907 0.950612
-0.451826 -0.84907 0.950612
-0.451826 -0.84907 0.950612
-0.451826 -0.84907 0.950612
-0.451826 -0.84907 0.950612
-0.451826 -0.84907 0.950612
-0.436752 -0.827478 0.97282
-0.436752 -0.827478 0.97282
-0.436752 -0.827478 0.97282
-0.436752 -0.827478 0.97282
-0.436752 -0.827478 0.97282
-0.436752 -0.827478 0.97282
-0.436752 -0.827478 0.97282
-0.436752 -0.827478 0.97282
-0.436752 -0.827478 0.97282
-0.436752 -0.827478 0.97282
-0.418973 -0.800634 0.999776
-0.418973 -0.800634 0.999776
-0.418973 -0.800634 0.999776
-0.418973 -0.800634 0.999776
-0.418973 -0.800634 0.999776
-0.418973 -0.800634 0.999776
-0.418973 -0.800634 0.999776
-0.418973 -0.800634 0.999776
-0.418973 -0.800634 0.999776
-0.418973 -0.800634 0.999776
-0.4065 -0.780815 1.01945
-0.4065 -0.780815 1.01945
-0.4065 -0.780815 1.01945
-0.4065 -0.780815 1.01945
-0.4065 -0.780815 1.01945
-0.4065 -0.780815 1.01945
-0.4065 -0.780815 1.01945
-0.4065 -0.780815 1.01945
-0.4065 -0.780815 1.01945
-0.4065 -0.780815 1.01945
-0.3842 -0.743035 1.05695
-0.3842 -0.743035 1.05695
-0.3842 -0.743035 1.05695
-0.3842 -0.743035 1.05695
-0.3842 -0.743035 1.05695
-0.3842 -0.743035 1.05695
-0.3842 -0.743035 1.05695
-0.3842 -0.743035 1.05695
-0.3842 -0.743035 1.05695
-0.3842 -0.743035 1.05695
-0.370137 -0.717403 1.08216
-0.370137 -0.717403 1.08216
-0.370137 -0.717403 1.08216
-0.370137 -0.717403 1.08216
-0.370137 -0.717403 1.08216
-0.370137 -0.717403 1.08216
-0.370137 -0.717403 1.08216
-0.370137 -0.717403 1.08216
-0.370137 -0.717403 1.08216
-0.370137 -0.717403 1.08216
-0.355413 -0.688802 1.10726
-0.355413 -0.688802 1.10726
-0.355413 -0.688802 1.10726
-0.355413 -0.688802 1.10726
-0.355413 -0.688802 1.10726
-0.355413 -0.688802 1.10726
-0.355413 -0.688802 1.10726
-0.355413 -0.688802 1.10726
-0.355413 -0.688802 1.10726
-0.355413 -0.688802 1.10726
-0.345193 -0.667741 1.12961
-0.345193 -0.667741 1.12961
-0.345193 -0.667741 1.12961
-0.345193 -0.667741 1.12961
-0.345193 -0.667741 1.12961
-0.345193 -0.667741 1.12961
-0.345193 -0.667741 1.12961
-0.345193 -0.667741 1.12961
-0.345193 -0.667741 1.12961
-0.345193 -0.667741 1.12961
-0.331812 -0.638435 1.15641
-0.331812 -0.638435 1.15641
-0.331812 -0.638435 1.15641
-0.331812 -0.638435 1.15641
-0.331812 -0.638435 1.15641
-0.331812 -0.638435 1.15641
-0.331812 -0.638435 1.15641
-0.331812 -0.638435 1.15641
-0.331812 -0.638435 1.15641
-0.331812 -0.638435 1.15641
-0.322562 -0.616881 1.17556
-0.322562 -0.616881 1.17556
-0.322562 -0.616881 1.17556
-0.322562 -0.616881 1.17556
-0.322562 -0.616881 1.17556
-0.322562 -0.616881 1.17556
-0.322562 -0.616881 1.17556
-0.322562 -0.616881 1.17556
-0.322562 -0.616881 1.17556
-0.322562 -0.616881 1.17556
-0.312637 -0.592405 1.19659
-0.312637 -0.592405 1.19659
-0.312637 -0.592405 1.19659
-0.312637 -0.592405 1.19659
-0.312637 -0.592405 1.19659
-0.312637 -0.592405 1.19659
-0.312637 -0.592405 1.19659
-0.312637 -0.592405 1.19659
-0.312637 -0.592405 1.19659
-0.312637 -0.592405 1.19659
-0.302196 -0.564945 1.21933
-0.302196 -0.564945 1.21933
-0.302196 -0.564945 1.21933
-0.302196 -0.564945 1.21933
-0.302196 -0.564945 1.21933
-0.302196 -0.564945 1.21933
-0.302196 -0.564945 1.21933
-0.302196 -0.564945 1.21933
-0.302196 -0.564945 1.21933
-0.302196 -0.564945 1.21933
-0.294271 -0.542784 1.23693
-0.294271 -0.542784 1.23693
-0.294271 -0.542784 1.23693
-0.294271 -0.542784 1.23693
-0.294271 -0.542784 1.23693
-0.294271 -0.542784 1.23693
-0.294271 -0.542784 1.23693
-0.294271 -0.542784 1.23693
-0.294271 -0.542784 1.23693
-0.294271 -0.542784 1.23693
-0.283983 -0.512058 1.26028
-0.283983 -0.512058 1.26028
-0.283983 -0.512058 1.26028
-0.283983 -0.512058 1.26028
-0.283983 -0.512058 1.26028
-0.283983 -0.512058 1.26028
-0.283983 -0.512058 1.26028
-0.283983 -0.512058 1.26028
-0.283983 -0.512058 1.26028
-0.283983 -0.512058 1.26028
-0.2727 -0.475384 1.28642
-0.2727 -0.475384 1.28642
-0.2727 -0.475384 1.28642
-0.2727 -0.475384 1.28642
-0.2727 -0.475384 1.28642
-0.2727 -0.475384 1.28642
-0.2727 -0.475384 1.28642
-0.2727 -0.475384 1.28642
-0.2727 -0.475384 1.28642
-0.2727 -0.475384 1.28642
-0.265423 -0.449787 1.3035
-0.265423 -0.449787 1.3035
-0.265423 -0.449787 1.3035
-0.265423 -0.449787 1.3035
-0.265423 -0.449787 1.3035
-0.265423 -0.449787 1.3035
-0.265423 -0.449787 1.3035
-0.265423 -0.449787 1.3035
-0.265423 -0.449787 1.3035
-0.265423 -0.449787 1.3035
-0.257094 -0.418304 1.32345
-0.257094 -0.418304 1.32345
-0.257094 -0.418304 1.32345
-0.257094 -0.418304 1.32345
-0.257094 -0.418304 1.32345
-0.257094 -0.418304 1.32345
-0.257094 -0.418304 1.32345
-0.257094 -0.418304 1.32345
-0.257094 -0.418304 1.32345
-0.257094 -0.418304 1.32345
-0.251413 -0.395276 1.33713
-0.251413 -0.395276 1.33713
-0.251413 -0.395276 1.33713
-0.251413 -0.395276 1.33713
-0.251413 -0.395276 1.33713
-0.251413 -0.395276 1.33713
-0.251413 -0.395276 1.33713
-0.251413 -0.395276 1.33713
-0.251413 -0.395276 1.33713
-0.251413 -0.395276 1.33713
-0.244728 -0.366353 1.35338
-0.244728 -0.366353 1.35338
-0.244728 -0.366353 1.35338
-0.244728 -0.366353 1.35338
-0.244728 -0.366353 1.35338
-0.244728 -0.366353 1.35338
-0.244728 -0.366353 1.35338
-0.244728 -0.366353 1.35338
-0.244728 -0.366353 1.35338
-0.244728 -0.366353 1.35338
-0.238493 -0.337292 1.36874
-0.238493 -0.337292 1.36874
-0.238493 -0.337292 1.36874
-0.238493 -0.337292 1.36874
-0.238493 -0.337292 1.36874
-0.238493 -0.337292 1.36874
-0.238493 -0.337292 1.36874
-0.238493 -0.337292 1.36874
-0.238493 -0.337292 1.36874
-0.238493 -0.337292 1.36874
-0.230472 -0.296398 1.38871
-0.230472 -0.296398 1.38871
-0.230472 -0.296398 1.38871
-0.230472 -0.296398 1.38871
-0.230472 -0.296398 1.38871
-0.230472 -0.296398 1.38871
-0.230472 -0.296398 1.38871
-0.230472 -0.296398 1.38871
-0.230472 -0.296398 1.38871
-0.230472 -0.296398 1.38871
-0.2278 -0.28174 1.3953
-0.2278 -0.28174 1.3953
-0.2278 -0.28174 1.3953
-0.2278 -0.28174 1.3953
-0.2278 -0.28174 1.3953
-0.2278 -0.28174 1.3953
-0.2278 -0.28174 1.3953
-0.2278 -0.28174 1.3953
-0.2278 -0.28174 1.3953
-0.2278 -0.28174 1.3953
-0.220807 -0.240571 1.41257
-0.220807 -0.240571 1.41257
-0.220807 -0.240571 1.41257
-0.220807 -0.240571 1.41257
-0.220807 -0.240571 1.41257
-0.220807 -0.240571 1.41257
-0.220807 -0.240571 1.41257
-0.220807 -0.240571 1.41257
-0.220807 -0.240571 1.41257
-0.220807 -0.240571 1.41257
-0.216668 -0.214017 1.42266
-0.216668 -0.214017 1.42266
-0.216668 -0.214017 1.42266
-0.216668 -0.214017 1.42266
-0.216668 -0.214017 1.42266
-0.216668 -0.214017 1.42266
-0.216668 -0.214017 1.42266
-0.216668 -0.214017 1.42266
-0.216668 -0.214017 1.42266
-0.216668 -0.214017 1.42266
-0.212791 -0.187407 1.43199
-0.212791 -0.187407 1.43199
-0.212791 -0.187407 1.43199
-0.212791 -0.187407 1.43199
-0.212791 -0.187407 1.43199
-0.212791 -0.187407 1.43199
-0.212791 -0.187407 1.43199
-0.212791 -0.187407 1.43199
-0.212791 -0.187407 1.43199
-0.212791 -0.187407 1.43199
-0.208754 -0.157778 1.44155
-0.208754 -0.157778 1.44155
-0.208754 -0.157778 1.44155
-0.208754 -0.157778 1.44155
-0.208754 -0.157778 1.44155
-0.208754 -0.157778 1.44155
-0.208754 -0.157778 1.44155
-0.208754 -0.157778 1.44155
-0.208754 -0.157778 1.44155
-0.208754 -0.157778 1.44155
-0.204627 -0.12512 1.45092
-0.204627 -0.12512 1.45092
-0.204627 -0.12512 1.45092
-0.204627 -0.12512 1.45092
-0.204627 -0.12512 1.45092
-0.204627 -0.12512 1.45092
-0.204627 -0.12512 1.45092
-0.204627 -0.12512 1.45092
-0.204627 -0.12512 1.45092
-0.204627 -0.12512 1.45092
-0.201807 -0.101335 1.45718
-0.201807 -0.101335 1.45718
-0.201807 -0.101335 1.45718
-0.201807 -0.101335 1.45718
-0.201807 -0.101335 1.45718
-0.201807 -0.101335 1.45718
-0.201807 -0.101335 1.45718
-0.201807 -0.101335 1.45718
-0.201807 -0.101335 1.45718
-0.201807 -0.101335 1.45718
-0.198806 -0.0745436 1.46358
-0.198806 -0.0745436 1.46358
-0.198806 -0.0745436 1.46358
-0.198806 -0.0745436 1.46358
-0.198806 -0.0745436 1.46358
-0.198806 -0.0745436 1.46358
-0.198806 -0.0745436 1.46358
-0.198806 -0.0745436 1.46358
-0.198806 -0.0745436 1.46358
-0.198806 -0.0745436 1.46358
-0.195671 -0.044743 1.47004
-0.195671 -0.044743 1.47004
-0.195671 -0.044743 1.47004
-0.195671 -0.044743 1.47004
-0.195671 -0.044743 1.47004
-0.195671 -0.044743 1.47004
-0.195671 -0.044743 1.47004
-0.195671 -0.044743 1.47004
-0.195671 -0.044743 1.47004
-0.195671 -0.044743 1.47004
-0.192719 -0.0149901 1.47572
-0.192719 -0.0149901 1.47572
-0.192719 -0.0149901 1.47572
-0.192719 -0.0149901 1.47572
-0.192719 -0.0149901 1.47572
-0.192719 -0.0149901 1.47572
-0.192719 -0.0149901 1.47572
-0.192719 -0.0149901 1.47572
-0.192719 -0.0149901 1.47572
-0.192719 -0.0149901 1.47572
-0.189709 0.0172183 1.48103
-0.189709 0.0172183 1.48103
-0.189709 0.0172183 1.48103
-0.189709 0.0172183 1.48103
-0.189709 0.0172183 1.48103
-0.189709 0.0172183 1.48103
-0.189709 0.0172183 1.48103
-0.189709 0.0172183 1.48103
-0.189709 0.0172183 1.48103
-0.189709 0.0172183 1.48103
-0.186679 0.0515586 1.48568
-0.186679 0.0515586 1.48568
-0.186679 0.0515586 1.48568
-0.186679 0.0515586 1.48568
-0.186679 0.0515586 1.48568
-0.186679 0.0515586 1.48568
-0.186679 0.0515586 1.48568
-0.186679 0.0515586 1.48568
-0.186679 0.0515586 1.48568
-0.186679 0.0515586 1.48568
-0.184306 0.0797455 1.48893
-0.184306 0.0797455 1.48893
-0.184306 0.0797455 1.48893
-0.184306 0.0797455 1.48893
-0.184306 0.0797455 1.48893
-0.184306 0.0797455 1.48893
-0.184306 0.0797455 1.48893
-0.184306 0.0797455 1.48893
-0.184306 0.0797455 1.48893
-0.184306 0.0797455 1.48893
-0.182047 0.107561 1.49165
-0.182047 0.107561 1.49165
-0.182047 0.107561 1.49165
-0.182047 0.107561 1.49165
-0.182047 0.107561 1.49165
-0.182047 0.107561 1.49165
-0.182047 0.107561 1.49165
-0.182047 0.107561 1.49165
-0.182047 0.107561 1.49165
-0.182047 0.107561 1.49165
-0.179681 0.137775 1.49406
-0.179681 0.137775 1.49406
-0.179681 0.137775 1.49406
-0.179681 0.137775 1.49406
-0.179681 0.137775 1.49406
-0.179681 0.137775 1.49406
-0.179681 0.137775 1.49406
-0.179681 0.137775 1.49406
-0.179681 0.137775 1.49406
-0.179681 0.137775 1.49406
-0.177809 0.16222 1.49562
-0.177809 0.16222 1.49562
-0.177809 0.16222 1.49562
-0.177809 0.16222 1.49562
-0.177809 0.16222 1.49562
-0.177809 0.16222 1.49562
-0.177809 0.16222 1.49562
-0.177809 0.16222 1.49562
-0.177809 0.16222 1.49562
-0.177809 0.16222 1.49562
-0.175792 0.189153 1.49701
-0.175792 0.189153 1.49701
-0.175792 0.189153 1.49701
-0.175792 0.189153 1.49701
-0.175792 0.189153 1.49701
-0.175792 0.189153 1.49701
-0.175792 0.189153 1.49701
-0.175792 0.189153 1.49701
-0.175792 0.189153 1.49701
-0.175792 0.189153 1.49701
-0.174217 0.210534 1.49789
-0.174217 0.210534 1.49789
-0.174217 0.210534 1.49789
-0.174217 0.210534 1.49789
-0.174217 0.210534 1.49789
-0.174217 0.210534 1.49789
-0.174217 0.210534 1.49789
-0.174217 0.210534 1.49789
-0.174217 0.210534 1.49789
-0.174217 0.210534 1.49789
-0.172098 0.239727 1.49876
-0.172098 0.239727 1.49876
-0.172098 0.239727 1.49876
-0.172098 0.239727 1.49876
-0.172098 0.239727 1.49876
-0.172098 0.239727 1.49876
-0.172098 0.239727 1.49876
-0.172098 0.239727 1.49876
-0.172098 0.239727 1.49876
-0.172098 0.239727 1.49876
-0.170573 0.260819 1.49919
-0.170573 0.260819 1.49919
-0.170573 0.260819 1.49919
-0.170573 0.260819 1.49919
-0.170573 0.260819 1.49919
-0.170573 0.260819 1.49919
-0.170573 0.260819 1.49919
-0.170573 0.260819 1.49919
-0.170573 0.260819 1.49919
-0.170573 0.260819 1.49919
-0.168511 0.289659 1.49952
-0.168511 0.289659 1.49952
-0.168511 0.289659 1.49952
-0.168511 0.289659 1.49952
-0.168511 0.289659 1.49952
-0.168511 0.289659 1.49952
-0.168511 0.289659 1.49952
-0.168511 0.289659 1.49952
-0.168511 0.289659 1.49952
-0.168511 0.289659 1.49952
-0.167018 0.310499 1.4996
-0.167018 0.310499 1.4996
-0.167018 0.310499 1.4996
-0.167018 0.310499 1.4996
-0.167018 0.310499 1.4996
-0.167018 0.310499 1.4996
-0.167018 0.310499 1.4996
-0.167018 0.310499 1.4996
-0.167018 0.310499 1.4996
-0.167018 0.310499 1.4996
-0.164241 0.349378 1.49941
-0.164241 0.349378 1.49941
-0.164241 0.349378 1.49941
-0.164241 0.349378 1.49941
-0.164241 0.349378 1.49941
-0.164241 0.349378 1.49941
-0.164241 0.349378 1.49941
-0.164241 0.349378 1.49941
-0.164241 0.349378 1.49941
-0.164241 0.349378 1.49941
-0.162577 0.37259 1.49919
-0.162577 0.37259 1.49919
-0.162577 0.37259 1.49919
-0.162577 0.37259 1.49919
-0.162577 0.37259 1.49919
-0.162577 0.37259 1.49919
-0.162577 0.37259 1.49919
-0.162577 0.37259 1.49919
-0.162577 0.37259 1.49919
-0.162577 0.37259 1.49919
-0.160728 0.398285 1.49881
-0.160728 0.398285 1.49881
-0.160728 0.398285 1.49881
-0.160728 0.398285 1.49881
-0.160728 0.398285 1.49881
-0.160728 0.398285 1.49881
-0.160728 0.398285 1.49881
-0.160728 0.398285 1.49881
-0.160728 0.398285 1.49881
-0.160728 0.398285 1.49881
-0.159248 0.418781 1.49842
-0.159248 0.418781 1.49842
-0.159248 0.418781 1.49842
-0.159248 0.418781 1.49842
-0.159248 0.418781 1.49842
-0.159248 0.418781 1.49842
-0.159248 0.418781 1.49842
-0.159248 0.418781 1.49842
-0.159248 0.418781 1.49842
-0.159248 0.418781 1.49842
-0.157199 0.446894 1.49784
-0.157199 0.446894 1.49784
-0.157199 0.446894 1.49784
-0.157199 0.446894 1.49784
-0.157199 0.446894 1.49784
-0.157199 0.446894 1.49784
-0.157199 0.446894 1.49784
-0.157199 0.446894 1.49784
-0.157199 0.446894 1.49784
-0.157199 0.446894 1.49784
-0.155706 0.467283 1.49735
-0.155706 0.467283 1.49735
-0.155706 0.467283 1.49735
-0.155706 0.467283 1.49735
-0.155706 0.467283 1.49735
-0.155706 0.467283 1.49735
-0.155706 0.467283 1.49735
-0.155706 0.467283 1.49735
-0.155706 0.467283 1.49735
-0.155706 0.467283 1.49735
-0.153638 0.495254 1.49662
-0.153638 0.495254 1.49662
-0.153638 0.495254 1.49662
-0.153638 0.495254 1.49662
-0.153638 0.495254 1.49662
-0.153638 0.495254 1.49662
-0.153638 0.495254 1.49662
-0.153638 0.495254 1.49662
-0.153638 0.495254 1.49662
-0.153638 0.495254 1.49662
-0.151745 0.520616 1.49595
-0.151745 0.520616 1.49595
-0.151745 0.520616 1.49595
-0.151745 0.520616 1.49595
-0.151745 0.520616 1.49595
-0.151745 0.520616 1.49595
-0.151745 0.520616 1.49595
-0.151745 0.520616 1.49595
-0.151745 0.520616 1.49595
-0.151745 0.520616 1.49595
-0.150032 0.543408 1.49534
-0.150032 0.543408 1.49534
-0.150032 0.543408 1.49534
-0.150032 0.543408 1.49534
-0.150032 0.543408 1.49534
-0.150032 0.543408 1.49534
-0.150032 0.543408 1.49534
-0.150032 0.543408 1.49534
-0.150032 0.543408 1.49534
-0.150032 0.543408 1.49534
-0.147914 0.571219 1.49459
-0.147914 0.571219 1.49459
-0.147914 0.571219 1.49459
-0.147914 0.571219 1.49459
-0.147914 0.571219 1.49459
-0.147914 0.571219 1.49459
-0.147914 0.571219 1.49459
-0.147914 0.571219 1.49459
-0.147914 0.571219 1.49459
-0.147914 0.571219 1.49459
-0.146175 0.593935 1.49398
-0.146175 0.593935 1.49398
-0.146175 0.593935 1.49398
-0.146175 0.593935 1.49398
-0.146175 0.593935 1.49398
-0.146175 0.593935 1.49398
-0.146175 0.593935 1.49398
-0.146175 0.593935 1.49398
-0.146175 0.593935 1.49398
-0.146175 0.593935 1.49398
-0.144215 0.619271 1.49326
-0.144215 0.619271 1.49326
-0.144215 0.619271 1.49326
-0.144215 0.619271 1.49326
-0.144215 0.619271 1.49326
-0.144215 0.619271 1.49326
-0.144215 0.619271 1.49326
-0.144215 0.619271 1.49326
-0.144215 0.619271 1.49326
-0.144215 0.619271 1.49326
-0.141462 0.654502 1.49237
-0.141462 0.654502 1.49237
-0.141462 0.654502 1.49237
-0.141462 0.654502 1.49237
-0.141462 0.654502 1.49237
-0.141462 0.654502 1.49237
-0.141462 0.654502 1.49237
-0.141462 0.654502 1.49237
-0.141462 0.654502 1.49237
-0.141462 0.654502 1.49237
-0.139677 0.677122 1.49183
-0.139677 0.677122 1.49183
-0.139677 0.677122 1.49183
-0.139677 0.677122 1.49183
-0.139677 0.677122 1.49183
-0.139677 0.677122 1.49183
-0.139677 0.677122 1.49183
-0.139677 0.677122 1.49183
-0.139677 0.677122 1.49183
-0.139677 0.677122 1.49183
-0.137883 0.699732 1.49131
-0.137883 0.699732 1.49131
-0.137883 0.699732 1.49131
-0.137883 0.699732 1.49131
-0.137883 0.699732 1.49131
-0.137883 0.699732 1.49131
-0.137883 0.699732 1.49131
-0.137883 0.699732 1.49131
-0.137883 0.699732 1.49131
-0.137883 0.699732 1.49131
-0.135874 0.724831 1.49078
-0.135874 0.724831 1.49078
-0.135874 0.724831 1.49078
-0.135874 0.724831 1.49078
-0.135874 0.724831 1.49078
-0.135874 0.724831 1.49078
-0.135874 0.724831 1.49078
-0.135874 0.724831 1.49078
-0.135874 0.724831 1.49078
-0.135874 0.724831 1.49078
-0.134261 0.744901 1.49038
-0.134261 0.744901 1.49038
-0.134261 0.744901 1.49038
-0.134261 0.744901 1.49038
-0.134261 0.744901 1.49038
-0.134261 0.744901 1.49038
-0.134261 0.744901 1.49038
-0.134261 0.744901 1.49038
-0.134261 0.744901 1.49038
-0.134261 0.744901 1.49038
-0.132235 0.769977 1.48987
-0.132235 0.769977 1.48987
-0.132235 0.769977 1.48987
-0.132235 0.769977 1.48987
-0.132235 0.769977 1.48987
-0.132235 0.769977 1.48987
-0.132235 0.769977 1.48987
-0.132235 0.769977 1.48987
-0.132235 0.769977 1.48987
-0.132235 0.769977 1.48987
-0.130192 0.795035 1.48944
-0.130192 0.795035 1.48944
-0.130192 0.795035 1.48944
-0.130192 0.795035 1.48944
-0.130192 0.795035 1.48944
-0.130192 0.795035 1.48944
-0.130192 0.795035 1.48944
-0.130192 0.795035 1.48944
-0.130192 0.795035 1.48944
-0.130192 0.795035 1.48944
-0.127529 0.827599 1.48894
-0.127529 0.827599 1.48894
-0.127529 0.827599 1.48894
-0.127529 0.827599 1.48894
-0.127529 0.827599 1.48894
-0.127529 0.827599 1.48894
-0.127529 0.827599 1.48894
-0.127529 0.827599 1.48894
-0.127529 0.827599 1.48894
-0.127529 0.827599 1.48894
-0.125263 0.855139 1.48854
-0.125263 0.855139 1.48854
-0.125263 0.855139 1.48854
-0.125263 0.855139 1.48854
-0.125263 0.855139 1.48854
-0.125263 0.855139 1.48854
-0.125263 0.855139 1.48854
-0.125263 0.855139 1.48854
-0.125263 0.855139 1.48854
-0.125263 0.855139 1.48854
-0.123608 0.87516 1.48829
-0.123608 0.87516 1.48829
-0.123608 0.87516 1.48829
-0.123608 0.87516 1.48829
-0.123608 0.87516 1.48829
-0.123608 0.87516 1.48829
-0.123608 0.87516 1.48829
-0.123608 0.87516 1.48829
-0.123608 0.87516 1.48829
-0.123608 0.87516 1.48829
-0.121536 0.900181 1.48802
-0.121536 0.900181 1.48802
-0.121536 0.900181 1.48802
-0.121536 0.900181 1.48802
-0.121536 0.900181 1.48802
-0.121536 0.900181 1.48802
-0.121536 0.900181 1.48802
-0.121536 0.900181 1.48802
-0.121536 0.900181 1.48802
-0.121536 0.900181 1.48802
-0.119454 0.925195 1.48779
-0.119454 0.925195 1.48779
-0.119454 0.925195 1.48779
-0.119454 0.925195 1.48779
-0.119454 0.925195 1.48779
-0.119454 0.925195 1.48779
-0.119454 0.925195 1.48779
-0.119454 0.925195 1.48779
-0.119454 0.925195 1.48779
-0.119454 0.925195 1.48779
-0.117161 0.952704 1.48756
-0.117161 0.952704 1.48756
-0.117161 0.952704 1.48756
-0.117161 0.952704 1.48756
-0.117161 0.952704 1.48756
-0.117161 0.952704 1.48756
-0.117161 0.952704 1.48756
-0.117161 0.952704 1.48756
-0.117161 0.952704 1.48756
-0.117161 0.952704 1.48756
-0.115493 0.972707 1.48745
-0.115493 0.972707 1.48745
-0.115493 0.972707 1.48745
-0.115493 0.972707 1.48745
-0.115493 0.972707 1.48745
-0.115493 0.972707 1.48745
-0.115493 0.972707 1.48745
-0.115493 0.972707 1.48745
-0.115493 0.972707 1.48745
-0.115493 0.972707 1.48745
-0.113189 1.00021 1.48728
-0.113189 1.00021 1.48728
-0.113189 1.00021 1.48728
-0.113189 1.00021 1.48728
-0.113189 1.00021 1.48728
-0.113189 1.00021 1.48728
-0.113189 1.00021 1.48728
-0.113189 1.00021 1.48728
-0.113189 1.00021 1.48728
-0.113189 1.00021 1.48728
-0.111513 1.0202 1.48719
-0.111513 1.0202 1.48719
-0.111513 1.0202 1.48719
-0.111513 1.0202 1.48719
-0.111513 1.0202 1.48719
-0.111513 1.0202 1.48719
-0.111513 1.0202 1.48719
-0.111513 1.0202 1.48719
-0.111513 1.0202 1.48719
-0.111513 1.0202 1.48719
-0.108578 1.05519 1.48708
-0.108578 1.05519 1.48708
-0.108578 1.05519 1.48708
-0.108578 1.05519 1.48708
-0.108578 1.05519 1.48708
-0.108578 1.05519 1.48708
-0.108578 1.05519 1.48708
-0.108578 1.05519 1.48708
-0.108578 1.05519 1.48708
-0.108578 1.05519 1.48708
-0.106471 1.08026 1.48706
-0.106471 1.08026 1.48706
-0.106471 1.08026 1.48706
-0.106471 1.08026 1.48706
-0.106471 1.08026 1.48706
-0.106471 1.08026 1.48706
-0.106471 1.08026 1.48706
-0.106471 1.08026 1.48706
-0.106471 1.08026 1.48706
-0.106471 1.08026 1.48706
-0.105209 1.09529 1.48702
-0.105209 1.09529 1.48702
-0.105209 1.09529 1.48702
-0.105209 1.09529 1.48702
-0.105209 1.09529 1.48702
-0.105209 1.09529 1.48702
-0.105209 1.09529 1.48702
-0.105209 1.09529 1.48702
-0.105209 1.09529 1.48702
-0.105209 1.09529 1.48702
-0.102481 1.12775 1.48701
-0.102481 1.12775 1.48701
-0.102481 1.12775 1.48701
-0.102481 1.12775 1.48701
-0.102481 1.12775 1.48701
-0.102481 1.12775 1.48701
-0.102481 1.12775 1.48701
-0.102481 1.12775 1.48701
-0.102481 1.12775 1.48701
-0.102481 1.12775 1.48701
-0.100383 1.15272 1.48702
-0.100383 1.15272 1.48702
-0.100383 1.15272 1.48702
-0.100383 1.15272 1.48702
-0.100383 1.15272 1.48702
-0.100383 1.15272 1.48702
-0.100383 1.15272 1.48702
-0.100383 1.15272 1.48702
-0.100383 1.15272 1.48702
-0.100383 1.15272 1.48702
-0.0980735 1.18018 1.48707
-0.0980735 1.18018 1.48707
-0.0980735 1.18018 1.48707
-0.0980735 1.18018 1.48707
-0.0980735 1.18018 1.48707
-0.0980735 1.18018 1.48707
-0.0980735 1.18018 1.48707
-0.0980735 1.18018 1.48707
-0.0980735 1.18018 1.48707
-0.0980735 1.18018 1.48707
-0.0963968 1.20016 1.48707
-0.0963968 1.20016 1.48707
-0.0963968 1.20016 1.48707
-0.0963968 1.20016 1.48707
-0.0963968 1.20016 1.48707
-0.0963968 1.20016 1.48707
-0.0963968 1.20016 1.48707
-0.0963968 1.20016 1.48707
-0.0963968 1.20016 1.48707
-0.0963968 1.20016 1.48707
-0.0943018 1.22513 1.48716
-0.0943018 1.22513 1.48716
-0.0943018 1.22513 1.48716
-0.0943018 1.22513 1.48716
-0.0943018 1.22513 1.48716
-0.0943018 1.22513 1.48716
-0.0943018 1.22513 1.48716
-0.0943018 1.22513 1.48716
-0.0943018 1.22513 1.48716
-0.0943018 1.22513 1.48716
-0.0926247 1.24511 1.48721
-0.0926247 1.24511 1.48721
-0.0926247 1.24511 1.48721
-0.0926247 1.24511 1.48721
-0.0926247 1.24511 1.48721
-0.0926247 1.24511 1.48721
-0.0926247 1.24511 1.48721
-0.0926247 1.24511 1.48721
-0.0926247 1.24511 1.48721
-0.0926247 1.24511 1.48721
-0.0903223 1.27257 1.48728
-0.0903223 1.27257 1.48728
-0.0903223 1.27257 1.48728
-0.0903223 1.27257 1.48728
-0.0903223 1.27257 1.48728
-0.0903223 1.27257 1.48728
-0.0903223 1.27257 1.48728
-0.0903223 1.27257 1.48728
-0.0903223 1.27257 1.48728
-0.0903223 1.27257 1.48728
-0.0878127 1.30253 1.48738
-0.0878127 1.30253 1.48738
-0.0878127 1.30253 1.48738
-0.0878127 1.30253 1.48738
-0.0878127 1.30253 1.48738
-0.0878127 1.30253 1.48738
-0.0878127 1.30253 1.48738
-0.0878127 1.30253 1.48738
-0.0878127 1.30253 1.48738
-0.0878127 1.30253 1.48738
-0.0857244 1.3275 1.48746
-0.0857244 1.3275 1.48746
-0.0857244 1.3275 1.48746
-0.0857244 1.3275 1.48746
-0.0857244 1.3275 1.48746
-0.0857244 1.3275 1.48746
-0.0857244 1.3275 1.48746
-0.0857244 1.3275 1.48746
-0.0857244 1.3275 1.48746
-0.0857244 1.3275 1.48746
-0.0836375 1.35247 1.48758
-0.0836375 1.35247 1.48758
-0.0836375 1.35247 1.48758
-0.0836375 1.35247 1.48758
-0.0836375 1.35247 1.48758
-0.0836375 1.35247 1.48758
-0.0836375 1.35247 1.48758
-0.0836375 1.35247 1.48758
-0.0836375 1.35247 1.48758
-0.0836375 1.35247 1.48758
-0.0819718 1.37245 1.48767
-0.0819718 1.37245 1.48767
-0.0819718 1.37245 1.48767
-0.0819718 1.37245 1.48767
-0.0819718 1.37245 1.48767
-0.0819718 1.37245 1.48767
-0.0819718 1.37245 1.48767
-0.0819718 1.37245 1.48767
-0.0819718 1.37245 1.48767
-0.0819718 1.37245 1.48767
-0.0796814 1.39992 1.48777
-0.0796814 1.39992 1.48777
-0.0796814 1.39992 1.48777
-0.0796814 1.39992 1.48777
-0.0796814 1.39992 1.48777
-0.0796814 1.39992 1.48777
-0.0796814 1.39992 1.48777
-0.0796814 1.39992 1.48777
-0.0796814 1.39992 1.48777
-0.0796814 1.39992 1.48777
-0.0780176 1.4199 1.48786
-0.0780176 1.4199 1.48786
-0.0780176 1.4199 1.48786
-0.0780176 1.4199 1.48786
-0.0780176 1.4199 1.48786
-0.0780176 1.4199 1.48786
-0.0780176 1.4199 1.48786
-0.0780176 1.4199 1.48786
-0.0780176 1.4199 1.48786
-0.0780176 1.4199 1.48786
-0.0757338 1.44736 1.48798
-0.0757338 1.44736 1.48798
-0.0757338 1.44736 1.48798
-0.0757338 1.44736 1.48798
-0.0757338 1.44736 1.48798
-0.0757338 1.44736 1.48798
-0.0757338 1.44736 1.48798
-0.0757338 1.44736 1.48798
-0.0757338 1.44736 1.48798
-0.0757338 1.44736 1.48798
-0.0730389 1.47983 1.4881
-0.0730389 1.47983 1.4881
-0.0730389 1.47983 1.4881
-0.0730389 1.47983 1.4881
-0.0730389 1.47983 1.4881
-0.0730389 1.47983 1.4881
-0.0730389 1.47983 1.4881
-0.0730389 1.47983 1.4881
-0.0730389 1.47983 1.4881
-0.0730389 1.47983 1.4881
-0.0717962 1.49481 1.48819
-0.0717962 1.49481 1.48819
-0.0717962 1.49481 1.48819
-0.0717962 1.49481 1.48819
-0.0717962 1.49481 1.48819
-0.0717962 1.49481 1.48819
-0.0717962 1.49481 1.48819
-0.0717962 1.49481 1.48819
-0.0717962 1.49481 1.48819
-0.0717962 1.49481 1.48819
-0.0691082 1.52727 1.48831
-0.0691082 1.52727 1.48831
-0.0691082 1.52727 1.48831
-0.0691082 1.52727 1.48831
-0.0691082 1.52727 1.48831
-0.0691082 1.52727 1.48831
-0.0691082 1.52727 1.48831
-0.0691082 1.52727 1.48831
-0.0691082 1.52727 1.48831
-0.0691082 1.52727 1.48831
-0.0670431 1.55225 1.48844
-0.0670431 1.55225 1.48844
-0.0670431 1.55225 1.48844
-0.0670431 1.55225 1.48844
-0.0670431 1.55225 1.48844
-0.0670431 1.55225 1.48844
-0.0670431 1.55225 1.48844
-0.0670431 1.55225 1.48844
-0.0670431 1.55225 1.48844
-0.0670431 1.55225 1.48844
-0.0651877 1.57472 1.48853
-0.0651877 1.57472 1.48853
-0.0651877 1.57472 1.48853
-0.0651877 1.57472 1.48853
-0.0651877 1.57472 1.48853
-0.0651877 1.57472 1.48853
-0.0651877 1.57472 1.48853
-0.0651877 1.57472 1.48853
-0.0651877 1.57472 1.48853
-0.0651877 1.57472 1.48853
-0.0631278 1.59969 1.48865
-0.0631278 1.59969 1.48865
-0.0631278 1.59969 1.48865
-0.0631278 1.59969 1.48865
-0.0631278 1.59969 1.48865
-0.0631278 1.59969 1.48865
-0.0631278 1.59969 1.48865
-0.0631278 1.59969 1.48865
-0.0631278 1.59969 1.48865
-0.0631278 1.59969 1.48865
-0.0614822 1.61967 1.48874
-0.0614822 1.61967 1.48874
-0.0614822 1.61967 1.48874
-0.0614822 1.61967 1.48874
-0.0614822 1.61967 1.48874
-0.0614822 1.61967 1.48874
-0.0614822 1.61967 1.48874
-0.0614822 1.61967 1.48874
-0.0614822 1.61967 1.48874
-0.0614822 1.61967 1.48874
-0.0592222 1.64714 1.48886
-0.0592222 1.64714 1.48886
-0.0592222 1.64714 1.48886
-0.0592222 1.64714 1.48886
-0.0592222 1.64714 1.48886
-0.0592222 1.64714 1.48886
-0.0592222 1.64714 1.48886
-0.0592222 1.64714 1.48886
-0.0592222 1.64714 1.48886
-0.0592222 1.64714 1.48886
-0.0565558 1.67961 1.48897
-0.0565558 1.67961 1.48897
-0.0565558 1.67961 1.48897
-0.0565558 1.67961 1.48897
-0.0565558 1.67961 1.48897
-0.0565558 1.67961 1.48897
-0.0565558 1.67961 1.48897
-0.0565558 1.67961 1.48897
-0.0565558 1.67961 1.48897
-0.0565558 1.67961 1.48897
-0.0545071 1.70458 1.4891
-0.0545071 1.70458 1.4891
-0.0545071 1.70458 1.4891
-0.0545071 1.70458 1.4891
-0.0545071 1.70458 1.4891
-0.0545071 1.70458 1.4891
-0.0545071 1.70458 1.4891
-0.0545071 1.70458 1.4891
-0.0545071 1.70458 1.4891
-0.0545071 1.70458 1.4891
-0.052666 1.72706 1.48917
-0.052666 1.72706 1.48917
-0.052666 1.72706 1.48917
-0.052666 1.72706 1.48917
-0.052666 1.72706 1.48917
-0.052666 1.72706 1.48917
-0.052666 1.72706 1.48917
-0.052666 1.72706 1.48917
-0.052666 1.72706 1.48917
-0.052666 1.72706 1.48917
-0.0504173 1.75453 1.4893
-0.0504173 1.75453 1.4893
-0.0504173 1.75453 1.4893
-0.0504173 1.75453 1.4893
-0.0504173 1.75453 1.4893
-0.0504173 1.75453 1.4893
-0.0504173 1.75453 1.4893
-0.0504173 1.75453 1.4893
-0.0504173 1.75453 1.4893
-0.0504173 1.75453 1.4893
-0.0487852 1.77451 1.48935
-0.0487852 1.77451 1.48935
-0.0487852 1.77451 1.48935
-0.0487852 1.77451 1.48935
-0.0487852 1.77451 1.48935
-0.0487852 1.77451 1.48935
-0.0487852 1.77451 1.48935
-0.0487852 1.77451 1.48935
-0.0487852 1.77451 1.48935
-0.0487852 1.77451 1.48935
-0.0471536 1.79449 1.48943
-0.0471536 1.79449 1.48943
-0.0471536 1.79449 1.48943
-0.0471536 1.79449 1.48943
-0.0471536 1.79449 1.48943
-0.0471536 1.79449 1.48943
-0.0471536 1.79449 1.48943
-0.0471536 1.79449 1.48943
-0.0471536 1.79449 1.48943
-0.0471536 1.79449 1.48943
-0.0451163 1.81947 1.48955
-0.0451163 1.81947 1.48955
-0.0451163 1.81947 1.48955
-0.0451163 1.81947 1.48955
-0.0451163 1.81947 1.48955
-0.0451163 1.81947 1.48955
-0.0451163 1.81947 1.48955
-0.0451163 1.81947 1.48955
-0.0451163 1.81947 1.48955
-0.0451163 1.81947 1.48955
-0.0422688 1.85443 1.48966
-0.0422688 1.85443 1.48966
-0.0422688 1.85443 1.48966
-0.0422688 1.85443 1.48966
-0.0422688 1.85443 1.48966
-0.0422688 1.85443 1.48966
-0.0422688 1.85443 1.48966
-0.0422688 1.85443 1.48966
-0.0422688 1.85443 1.48966
-0.0422688 1.85443 1.48966
-0.0404396 1.87691 1.48976
-0.0404396 1.87691 1.48976
-0.0404396 1.87691 1.48976
-0.0404396 1.87691 1.48976
-0.0404396 1.87691 1.48976
-0.0404396 1.87691 1.48976
-0.0404396 1.87691 1.48976
-0.0404396 1.87691 1.48976
-0.0404396 1.87691 1.48976
-0.0404396 1.87691 1.48976
-0.0382075 1.90439 1.48985
-0.0382075 1.90439 1.48985
-0.0382075 1.90439 1.48985
-0.0382075 1.90439 1.48985
-0.0382075 1.90439 1.48985
-0.0382075 1.90439 1.48985
-0.0382075 1.90439 1.48985
-0.0382075 1.90439 1.48985
-0.0382075 1.90439 1.48985
-0.0382075 1.90439 1.48985
-0.0365851 1.92437 1.48992
-0.0365851 1.92437 1.48992
-0.0365851 1.92437 1.48992
-0.0365851 1.92437 1.48992
-0.0365851 1.92437 1.48992
-0.0365851 1.92437 1.48992
-0.0365851 1.92437 1.48992
-0.0365851 1.92437 1.48992
-0.0365851 1.92437 1.48992
-0.0365851 1.92437 1.48992
-0.0343574 1.95184 1.49001
-0.0343574 1.95184 1.49001
-0.0343574 1.95184 1.49001
-0.0343574 1.95184 1.49001
-0.0343574 1.95184 1.49001
-0.0343574 1.95184 1.49001
-0.0343574 1.95184 1.49001
-0.0343574 1.95184 1.49001
-0.0343574 1.95184 1.49001
-0.0343574 1.95184 1.49001
-0.0327382 1.97182 1.49008
-0.0327382 1.97182 1.49008
-0.0327382 1.97182 1.49008
-0.0327382 1.97182 1.49008
-0.0327382 1.97182 1.49008
-0.0327382 1.97182 1.49008
-0.0327382 1.97182 1.49008
-0.0327382 1.97182 1.49008
-0.0327382 1.97182 1.49008
-0.0327382 1.97182 1.49008
-0.0309192 1.9943 1.49013
-0.0309192 1.9943 1.49013
-0.0309192 1.9943 1.49013
-0.0309192 1.9943 1.49013
-0.0309192 1.9943 1.49013
-0.0309192 1.9943 1.49013
-0.0309192 1.9943 1.49013
-0.0309192 1.9943 1.49013
-0.0309192 1.9943 1.49013
-0.0309192 1.9943 1.49013
-0.0280915 2.02927 1.49027
-0.0280915 2.02927 1.49027
-0.0280915 2.02927 1.49027
-0.0280915 2.02927 1.49027
-0.0280915 2.02927 1.49027
-0.0280915 2.02927 1.49027
-0.0280915 2.02927 1.49027
-0.0280915 2.02927 1.49027
-0.0280915 2.02927 1.49027
-0.0280915 2.02927 1.49027
-0.0262772 2.05175 1.49032
-0.0262772 2.05175 1.49032
-0.0262772 2.05175 1.49032
-0.0262772 2.05175 1.49032
-0.0262772 2.05175 1.49032
-0.0262772 2.05175 1.49032
-0.0262772 2.05175 1.49032
-0.0262772 2.05175 1.49032
-0.0262772 2.05175 1.49032
-0.0262772 2.05175 1.49032
-0.0240601 2.07922 1.49041
-0.0240601 2.07922 1.49041
-0.0240601 2.07922 1.49041
-0.0240601 2.07922 1.49041
-0.0240601 2.07922 1.49041
-0.0240601 2.07922 1.49041
-0.0240601 2.07922 1.49041
-0.0240601 2.07922 1.49041
-0.0240601 2.07922 1.49041
-0.0240601 2.07922 1.49041
-0.02245 2.09921 1.49047
-0.02245 2.09921 1.49047
-0.02245 2.09921 1.49047
-0.02245 2.09921 1.49047
-0.02245 2.09921 1.49047
-0.02245 2.09921 1.49047
-0.02245 2.09921 1.49047
-0.02245 2.09921 1.49047
-0.02245 2.09921 1.49047
-0.02245 2.09921 1.49047
-0.0200361 2.12918 1.49057
-0.0200361 2.12918 1.49057
-0.0200361 2.12918 1.49057
-0.0200361 2.12918 1.49057
-0.0200361 2.12918 1.49057
-0.0200361 2.12918 1.49057
-0.0200361 2.12918 1.49057
-0.0200361 2.12918 1.49057
-0.0200361 2.12918 1.49057
-0.0200361 2.12918 1.49057
-0.018227 2.15166 1.49065
-0.018227 2.15166 1.49065
-0.018227 2.15166 1.49065
-0.018227 2.15166 1.49065
-0.018227 2.15166 1.49065
-0.018227 2.15166 1.49065
-0.018227 2.15166 1.49065
-0.018227 2.15166 1.49065
-0.018227 2.15166 1.49065
-0.018227 2.15166 1.49065
-0.0164206 2.17415 1.49065
-0.0164206 2.17415 1.49065
-0.0164206 2.17415 1.49065
-0.0164206 2.17415 1.49065
-0.0164206 2.17415 1.49065
-0.0164206 2.17415 1.49065
-0.0164206 2.17415 1.49065
-0.0164206 2.17415 1.49065
-0.0164206 2.17415 1.49065
-0.0164206 2.17415 1.49065
-0.0143169 2.20002 1.48685
-0.0143169 2.20002 1.48685
-0.0143169 2.20002 1.48685
-0.0143169 2.20002 1.48685
-0.0143169 2.20002 1.48685
-0.0143169 2.20002 1.48685
-0.0143169 2.20002 1.48685
-0.0143169 2.20002 1.48685
-0.0143169 2.20002 1.48685
-0.0143169 2.20002 1.48685
-0.0125009 2.22613 1.48143
-0.0125009 2.22613 1.48143
-0.0125009 2.22613 1.48143
-0.0125009 2.22613 1.48143
-0.0125009 2.22613 1.48143
-0.0125009 2.22613 1.48143
-0.0125009 2.22613 1.48143
-0.0125009 2.22613 1.48143
-0.0125009 2.22613 1.48143
-0.0125009 2.22613 1.48143
-0.0111648 2.2419 1.49378
-0.0111648 2.2419 1.49378
-0.0111648 2.2419 1.49378
-0.0111648 2.2419 1.49378
-0.0111648 2.2419 1.49378
-0.0111648 2.2419 1.49378
-0.0111648 2.2419 1.49378
-0.0111648 2.2419 1.49378
-0.0111648 2.2419 1.49378
-0.0111648 2.2419 1.49378
-0.009701 2.26346 1.51688
-0.009701 2.26346 1.51688
-0.009701 2.26346 1.51688
-0.009701 2.26346 1.51688
-0.009701 2.26346 1.51688
-0.009701 2.26346 1.51688
-0.009701 2.26346 1.51688
-0.009701 2.26346 1.51688
-0.009701 2.26346 1.51688
-0.009701 2.26346 1.51688
-0.00899337 2.27903 1.5355
-0.00899337 2.27903 1.5355
-0.00899337 2.27903 1.5355
-0.00899337 2.27903 1.5355
-0.00899337 2.27903 1.5355
-0.00899337 2.27903 1.5355
-0.00899337 2.27903 1.5355
-0.00899337 2.27903 1.5355
-0.00899337 2.27903 1.5355
-0.00899337 2.27903 1.5355
-0.0084925 2.30597 1.57178
-0.0084925 2.30597 1.57178
-0.0084925 2.30597 1.57178
-0.0084925 2.30597 1.57178
-0.0084925 2.30597 1.57178
-0.0084925 2.30597 1.57178
-0.0084925 2.30597 1.57178
-0.0084925 2.30597 1.57178
-0.0084925 2.30597 1.57178
-0.0084925 2.30597 1.57178
-0.00876694 2.32508 1.59919
-0.00876694 2.32508 1.59919
-0.00876694 2.32508 1.59919
-0.00876694 2.32508 1.59919
-0.00876694 2.32508 1.59919
-0.00876694 2.32508 1.59919
-0.00876694 2.32508 1.59919
-0.00876694 2.32508 1.59919
-0.00876694 2.32508 1.59919
-0.00876694 2.32508 1.59919
-0.00947476 2.34199 1.62732
-0.00947476 2.34199 1.62732
-0.00947476 2.34199 1.62732
-0.00947476 2.34199 1.62732
-0.00947476 2.34199 1.62732
-0.00947476 2.34199 1.62732
-0.00947476 2.34199 1.62732
-0.00947476 2.34199 1.62732
-0.00947476 2.34199 1.62732
-0.00947476 2.34199 1.62732
-0.0108347 2.3607 1.65908
-0.0108347 2.3607 1.65908
-0.0108347 2.3607 1.65908
-0.0108347 2.3607 1.65908
-0.0108347 2.3607 1.65908
-0.0108347 2.3607 1.65908
-0.0108347 2.3607 1.65908
-0.0108347 2.3607 1.65908
-0.0108347 2.3607 1.65908
-0.0108347 2.3607 1.65908
-0.0131187 2.38083 1.71633
-0.0131187 2.38083 1.71633
-0.0131187 2.38083 1.71633
-0.0131187 2.38083 1.71633
-0.0131187 2.38083 1.71633
-0.0131187 2.38083 1.71633
-0.0131187 2.38083 1.71633
-0.0131187 2.38083 1.71633
-0.0131187 2.38083 1.71633
-0.0131187 2.38083 1.71633
-0.0159825 2.39685 1.77434
-0.0159825 2.39685 1.77434
-0.0159825 2.39685 1.77434
-0.0159825 2.39685 1.77434
-0.0159825 2.39685 1.77434
-0.0159825 2.39685 1.77434
-0.0159825 2.39685 1.77434
-0.0159825 2.39685 1.77434
-0.0159825 2.39685 1.77434
-0.0159825 2.39685 1.77434
-0.020379 2.41418 1.87675
-0.020379 2.41418 1.87675
-0.020379 2.41418 1.87675
-0.020379 2.41418 1.87675
-0.020379 2.41418 1.87675
-0.020379 2.41418 1.87675
-0.020379 2.41418 1.87675
-0.020379 2.41418 1.87675
-0.020379 2.41418 1.87675
-0.020379 2.41418 1.87675
-0.0267565 2.43077 1.99827
-0.0267565 2.43077 1.99827
-0.0267565 2.43077 1.99827
-0.0267565 2.43077 1.99827
-0.0267565 2.43077 1.99827
-0.0267565 2.43077 1.99827
-0.0267565 2.43077 1.99827
-0.0267565 2.43077 1.99827
-0.0267565 2.43077 1.99827
-0.0267565 2.43077 1.99827
-0.0325158 2.44354 2.11528
-0.0325158 2.44354 2.11528
-0.0325158 2.44354 2.11528
-0.0325158 2.44354 2.11528
-0.0325158 2.44354 2.11528
-0.0325158 2.44354 2.11528
-0.0325158 2.44354 2.11528
-0.0325158 2.44354 2.11528
-0.0325158 2.44354 2.11528
-0.0325158 2.44354 2.11528
-0.0345062 2.44723 2.22166
-0.0345062 2.44723 2.22166
-0.0345062 2.44723 2.22166
-0.0345062 2.44723 2.22166
-0.0345062 2.44723 2.22166
-0.0345062 2.44723 2.22166
-0.0345062 2.44723 2.22166
-0.0345062 2.44723 2.22166
-0.0345062 2.44723 2.22166
-0.0345062 2.44723 2.22166
-0.0352418 2.44779 2.39482
-0.0352418 2.44779 2.39482
-0.0352418 2.44779 2.39482
-0.0352418 2.44779 2.39482
-0.0352418 2.44779 2.39482
-0.0352418 2.44779 2.39482
-0.0352418 2.44779 2.39482
-0.0352418 2.44779 2.39482
-0.0352418 2.44779 2.39482
-0.0352418 2.44779 2.39482
-0.0390875 2.45117 2.43293
-0.0390875 2.45117 2.43293
-0.0390875 2.45117 2.43293
-0.0390875 2.45117 2.43293
-0.0390875 2.45117 2.43293
-0.0390875 2.45117 2.43293
-0.0390875 2.45117 2.43293
-0.0390875 2.45117 2.43293
-0.0390875 2.45117 2.43293
-0.0390875 2.45117 2.43293
-0.0513006 2.46156 2.43675
-0.0513006 2.46156 2.43675
-0.0513006 2.46156 2.43675
-0.0513006 2.46156 2.43675
-0.0513006 2.46156 2.43675
-0.0513006 2.46156 2.43675
-0.0513006 2.46156 2.43675
-0.0513006 2.46156 2.43675
-0.0513006 2.46156 2.43675
-0.0513006 2.46156 2.43675
-0.0623133 2.47118 2.39908
-0.0623133 2.47118 2.39908
-0.0623133 2.47118 2.39908
-0.0623133 2.47118 2.39908
-0.0623133 2.47118 2.39908
-0.0623133 2.47118 2.39908
-0.0623133 2.47118 2.39908
-0.0623133 2.47118 2.39908
-0.0623133 2.47118 2.39908
-0.0623133 2.47118 2.39908
-0.0759226 2.48452 2.32853
-0.0759226 2.48452 2.32853
-0.0759226 2.48452 2.32853
-0.0759226 2.48452 2.32853
-0.0759226 2.48452 2.32853
-0.0759226 2.48452 2.32853
-0.0759226 2.48452 2.32853
-0.0759226 2.48452 2.32853
-0.0759226 2.48452 2.32853
-0.0759226 2.48452 2.32853
-0.0851341 2.49479 2.27582
-0.0851341 2.49479 2.27582
-0.0851341 2.49479 2.27582
-0.0851341 2.49479 2.27582
-0.0851341 2.49479 2.27582
-0.0851341 2.49479 2.27582
-0.0851341 2.49479 2.27582
-0.0851341 2.49479 2.27582
-0.0851341 2.49479 2.27582
-0.0851341 2.49479 2.27582
-0.0959411 2.50836 2.21242
-0.0959411 2.50836 2.21242
-0.0959411 2.50836 2.21242
-0.0959411 2.50836 2.21242
-0.0959411 2.50836 2.21242
-0.0959411 2.50836 2.21242
-0.0959411 2.50836 2.21242
-0.0959411 2.50836 2.21242
-0.0959411 2.50836 2.21242
-0.0959411 2.50836 2.21242
-0.105909 2.52262 2.15011
-0.105909 2.52262 2.15011
-0.105909 2.52262 2.15011
-0.105909 2.52262 2.15011
-0.105909 2.52262 2.15011
-0.105909 2.52262 2.15011
-0.105909 2.52262 2.15011
-0.105909 2.52262 2.15011
-0.105909 2.52262 2.15011
-0.105909 2.52262 2.15011
-0.11288 2.53454 2.09226
-0.11288 2.53454 2.09226
-0.11288 2.53454 2.09226
-0.11288 2.53454 2.09226
-0.11288 2.53454 2.09226
-0.11288 2.53454 2.09226
-0.11288 2.53454 2.09226
-0.11288 2.53454 2.09226
-0.11288 2.53454 2.09226
-0.11288 2.53454 2.09226
-0.113988 2.53724 2.07291
-0.113988 2.53724 2.07291
-0.113988 2.53724 2.07291
-0.113988 2.53724 2.07291
-0.113988 2.53724 2.07291
-0.113988 2.53724 2.07291
-0.113988 2.53724 2.07291
-0.113988 2.53724 2.07291
-0.113988 2.53724 2.07291
-0.113988 2.53724 2.07291
-0.113528 2.53627 2.09696
-0.113528 2.53627 2.09696
-0.113528 2.53627 2.09696
-0.113528 2.53627 2.09696
-0.113528 2.53627 2.09696
-0.113528 2.53627 2.09696
-0.113528 2.53627 2.09696
-0.113528 2.53627 2.09696
-0.113528 2.53627 2.09696
-0.113528 2.53627 2.09696
-0.113114 2.53542 2.12527
-0.113114 2.53542 2.12527
-0.113114 2.53542 2.12527
-0.113114 2.53542 2.12527
-0.113114 2.53542 2.12527
-0.113114 2.53542 2.12527
-0.113114 2.53542 2.12527
-0.113114 2.53542 2.12527
-0.113114 2.53542 2.12527
-0.113114 2.53542 2.12527
-0.113575 2.53594 2.16767
-0.113575 2.53594 2.16767
-0.113575 2.53594 2.16767
-0.113575 2.53594 2.16767
-0.113575 2.53594 2.16767
-0.113575 2.53594 2.16767
-0.113575 2.53594 2.16767
-0.113575 2.53594 2.16767
-0.113575 2.53594 2.16767
-0.113575 2.53594 2.16767
-0.114481 2.53721 2.20418
-0.114481 2.53721 2.20418
-0.114481 2.53721 2.20418
-0.114481 2.53721 2.20418
-0.114481 2.53721 2.20418
-0.114481 2.53721 2.20418
-0.114481 2.53721 2.20418
-0.114481 2.53721 2.20418
-0.114481 2.53721 2.20418
-0.114481 2.53721 2.20418
-0.117875 2.54118 2.23447
-0.117875 2.54118 2.23447
-0.117875 2.54118 2.23447
-0.117875 2.54118 2.23447
-0.117875 2.54118 2.23447
-0.117875 2.54118 2.23447
-0.117875 2.54118 2.23447
-0.117875 2.54118 2.23447
-0.117875 2.54118 2.23447
-0.117875 2.54118 2.23447
-0.127929 2.55304 2.26363
-0.127929 2.55304 2.26363
-0.127929 2.55304 2.26363
-0.127929 2.55304 2.26363
-0.127929 2.55304 2.26363
-0.127929 2.55304 2.26363
-0.127929 2.55304 2.26363
-0.127929 2.55304 2.26363
-0.127929 2.55304 2.26363
-0.127929 2.55304 2.26363
-0.141421 2.56942 2.2361
-0.141421 2.56942 2.2361
-0.141421 2.56942 2.2361
-0.141421 2.56942 2.2361
-0.141421 2.56942 2.2361
-0.141421 2.56942 2.2361
-0.141421 2.56942 2.2361
-0.141421 2.56942 2.2361
-0.141421 2.56942 2.2361
-0.141421 2.56942 2.2361
-0.157458 2.59113 2.17707
-0.157458 2.59113 2.17707
-0.157458 2.59113 2.17707
-0.157458 2.59113 2.17707
-0.157458 2.59113 2.17707
-0.157458 2.59113 2.17707
-0.157458 2.59113 2.17707
-0.157458 2.59113 2.17707
-0.157458 2.59113 2.17707
-0.157458 2.59113 2.17707
-0.172608 2.6143 2.1241
-0.172608 2.6143 2.1241
-0.172608 2.6143 2.1241
-0.172608 2.6143 2.1241
-0.172608 2.6143 2.1241
-0.172608 2.6143 2.1241
-0.172608 2.6143 2.1241
-0.172608 2.6143 2.1241
-0.172608 2.6143 2.1241
-0.172608 2.6143 2.1241
-0.186912 2.63876 2.07804
-0.186912 2.63876 2.07804
-0.186912 2.63876 2.07804
-0.186912 2.63876 2.07804
-0.186912 2.63876 2.07804
-0.186912 2.63876 2.07804
-0.186912 2.63876 2.07804
-0.186912 2.63876 2.07804
-0.186912 2.63876 2.07804
-0.186912 2.63876 2.07804
-0.199119 2.66172 2.04304
-0.199119 2.66172 2.04304
-0.199119 2.66172 2.04304
-0.199119 2.66172 2.04304
-0.199119 2.66172 2.04304
-0.199119 2.66172 2.04304
-0.199119 2.66172 2.04304
-0.199119 2.66172 2.04304
-0.199119 2.66172 2.04304
-0.199119 2.66172 2.04304
-0.211939 2.68797 2.00933
-0.211939 2.68797 2.00933
-0.211939 2.68797 2.00933
-0.211939 2.68797 2.00933
-0.211939 2.68797 2.00933
-0.211939 2.68797 2.00933
-0.211939 2.68797 2.00933
-0.211939 2.68797 2.00933
-0.211939 2.68797 2.00933
-0.211939 2.68797 2.00933
-0.225244 2.7176 1.97852
-0.225244 2.7176 1.97852
-0.225244 2.7176 1.97852
-0.225244 2.7176 1.97852
-0.225244 2.7176 1.97852
-0.225244 2.7176 1.97852
-0.225244 2.7176 1.97852
-0.225244 2.7176 1.97852
-0.225244 2.7176 1.97852
-0.225244 2.7176 1.97852
-0.234449 2.73951 1.95973
-0.234449 2.73951 1.95973
-0.234449 2.73951 1.95973
-0.234449 2.73951 1.95973
-0.234449 2.73951 1.95973
-0.234449 2.73951 1.95973
-0.234449 2.73951 1.95973
-0.234449 2.73951 1.95973
-0.234449 2.73951 1.95973
-0.234449 2.73951 1.95973
-0.246466 2.77382 1.92736
-0.246466 2.77382 1.92736
-0.246466 2.77382 1.92736
-0.246466 2.77382 1.92736
-0.246466 2.77382 1.92736
-0.246466 2.77382 1.92736
-0.246466 2.77382 1.92736
-0.246466 2.77382 1.92736
-0.246466 2.77382 1.92736
-0.246466 2.77382 1.92736
-0.251948 2.7897 1.88122
-0.251948 2.7897 1.88122
-0.251948 2.7897 1.88122
-0.251948 2.7897 1.88122
-0.251948 2.7897 1.88122
-0.251948 2.7897 1.88122
-0.251948 2.7897 1.88122
-0.251948 2.7897 1.88122
-0.251948 2.7897 1.88122
-0.251948 2.7897 1.88122
-0.257539 2.80915 1.81892
-0.257539 2.80915 1.81892
-0.257539 2.80915 1.81892
-0.257539 2.80915 1.81892
-0.257539 2.80915 1.81892
-0.257539 2.80915 1.81892
-0.257539 2.80915 1.81892
-0.257539 2.80915 1.81892
-0.257539 2.80915 1.81892
-0.257539 2.80915 1.81892
-0.260812 2.82345 1.77287
-0.260812 2.82345 1.77287
-0.260812 2.82345 1.77287
-0.260812 2.82345 1.77287
-0.260812 2.82345 1.77287
-0.260812 2.82345 1.77287
-0.260812 2.82345 1.77287
-0.260812 2.82345 1.77287
-0.260812 2.82345 1.77287
-0.260812 2.82345 1.77287
-0.264235 2.84336 1.71002
-0.264235 2.84336 1.71002
-0.264235 2.84336 1.71002
-0.264235 2.84336 1.71002
-0.264235 2.84336 1.71002
-0.264235 2.84336 1.71002
-0.264235 2.84336 1.71002
-0.264235 2.84336 1.71002
-0.264235 2.84336 1.71002
-0.264235 2.84336 1.71002
-0.266103 2.85979 1.65876
-0.266103 2.85979 1.65876
-0.266103 2.85979 1.65876
-0.266103 2.85979 1.65876
-0.266103 2.85979 1.65876
-0.266103 2.85979 1.65876
-0.266103 2.85979 1.65876
-0.266103 2.85979 1.65876
-0.266103 2.85979 1.65876
-0.266103 2.85979 1.65876
-0.267239 2.87847 1.60704
-0.267239 2.87847 1.60704
-0.267239 2.87847 1.60704
-0.267239 2.87847 1.60704
-0.267239 2.87847 1.60704
-0.267239 2.87847 1.60704
-0.267239 2.87847 1.60704
-0.267239 2.87847 1.60704
-0.267239 2.87847 1.60704
-0.267239 2.87847 1.60704
-0.267482 2.89358 1.56755
-0.267482 2.89358 1.56755
-0.267482 2.89358 1.56755
-0.267482 2.89358 1.56755
-0.267482 2.89358 1.56755
-0.267482 2.89358 1.56755
-0.267482 2.89358 1.56755
-0.267482 2.89358 1.56755
-0.267482 2.89358 1.56755
-0.267482 2.89358 1.56755
-0.266768 2.91549 1.52648
-0.266768 2.91549 1.52648
-0.266768 2.91549 1.52648
-0.266768 2.91549 1.52648
-0.266768 2.91549 1.52648
-0.266768 2.91549 1.52648
-0.266768 2.91549 1.52648
-0.266768 2.91549 1.52648
-0.266768 2.91549 1.52648
-0.266768 2.91549 1.52648
-0.265857 2.94458 1.56921
-0.265857 2.94458 1.56921
-0.265857 2.94458 1.56921
-0.265857 2.94458 1.56921
-0.265857 2.94458 1.56921
-0.265857 2.94458 1.56921
-0.265857 2.94458 1.56921
-0.265857 2.94458 1.56921
-0.265857 2.94458 1.56921
-0.265857 2.94458 1.56921
-0.266708 2.97346 1.63163
-0.266708 2.97346 1.63163
-0.266708 2.97346 1.63163
-0.266708 2.97346 1.63163
-0.266708 2.97346 1.63163
-0.266708 2.97346 1.63163
-0.266708 2.97346 1.63163
-0.266708 2.97346 1.63163
-0.266708 2.97346 1.63163
-0.266708 2.97346 1.63163
-0.268469 2.99487 1.67324
-0.268469 2.99487 1.67324
-0.268469 2.99487 1.67324
-0.268469 2.99487 1.67324
-0.268469 2.99487 1.67324
-0.268469 2.99487 1.67324
-0.268469 2.99487 1.67324
-0.268469 2.99487 1.67324
-0.268469 2.99487 1.67324
-0.268469 2.99487 1.67324
-0.271936 3.02187 1.72203
-0.271936 3.02187 1.72203
-0.271936 3.02187 1.72203
-0.271936 3.02187 1.72203
-0.271936 3.02187 1.72203
-0.271936 3.02187 1.72203
-0.271936 3.02187 1.72203
-0.271936 3.02187 1.72203
-0.271936 3.02187 1.72203
-0.271936 3.02187 1.72203
-0.277297 3.05183 1.77096
-0.277297 3.05183 1.77096
-0.277297 3.05183 1.77096
-0.277297 3.05183 1.77096
-0.277297 3.05183 1.77096
-0.277297 3.05183 1.77096
-0.277297 3.05183 1.77096
-0.277297 3.05183 1.77096
-0.277297 3.05183 1.77096
-0.277297 3.05183 1.77096
-0.282139 3.07373 1.80353
-0.282139 3.07373 1.80353
-0.282139 3.07373 1.80353
-0.282139 3.07373 1.80353
-0.282139 3.07373 1.80353
-0.282139 3.07373 1.80353
-0.282139 3.07373 1.80353
-0.282139 3.07373 1.80353
-0.282139 3.07373 1.80353
-0.282139 3.07373 1.80353
-0.289994 3.1039 1.84456
-0.289994 3.1039 1.84456
-0.289994 3.1039 1.84456
-0.289994 3.1039 1.84456
-0.289994 3.1039 1.84456
-0.289994 3.1039 1.84456
-0.289994 3.1039 1.84456
-0.289994 3.1039 1.84456
-0.289994 3.1039 1.84456
-0.289994 3.1039 1.84456
-0.295709 3.12647 1.87333
-0.295709 3.12647 1.87333
-0.295709 3.12647 1.87333
-0.295709 3.12647 1.87333
-0.295709 3.12647 1.87333
-0.295709 3.12647 1.87333
-0.295709 3.12647 1.87333
-0.295709 3.12647 1.87333
-0.295709 3.12647 1.87333
-0.295709 3.12647 1.87333
-0.3014 3.14603 1.85097
-0.3014 3.14603 1.85097
-0.3014 3.14603 1.85097
-0.3014 3.14603 1.85097
-0.3014 3.14603 1.85097
-0.3014 3.14603 1.85097
-0.3014 3.14603 1.85097
-0.3014 3.14603 1.85097
-0.3014 3.14603 1.85097
-0.3014 3.14603 1.85097
-0.306579 3.16462 1.82548
-0.306579 3.16462 1.82548
-0.306579 3.16462 1.82548
-0.306579 3.16462 1.82548
-0.306579 3.16462 1.82548
-0.306579 3.16462 1.82548
-0.306579 3.16462 1.82548
-0.306579 3.16462 1.82548
-0.306579 3.16462 1.82548
-0.306579 3.16462 1.82548
-0.316679 3.20117 1.86475
-0.316679 3.20117 1.86475
-0.316679 3.20117 1.86475
-0.316679 3.20117 1.86475
-0.316679 3.20117 1.86475
-0.316679 3.20117 1.86475
-0.316679 3.20117 1.86475
-0.316679 3.20117 1.86475
-0.316679 3.20117 1.86475
-0.316679 3.20117 1.86475
-0.32449 3.22541 1.89966
-0.32449 3.22541 1.89966
-0.32449 3.22541 1.89966
-0.32449 3.22541 1.89966
-0.32449 3.22541 1.89966
-0.32449 3.22541 1.89966
-0.32449 3.22541 1.89966
-0.32449 3.22541 1.89966
-0.32449 3.22541 1.89966
-0.32449 3.22541 1.89966
-0.334227 3.25225 1.93529
-0.334227 3.25225 1.93529
-0.334227 3.25225 1.93529
-0.334227 3.25225 1.93529
-0.334227 3.25225 1.93529
-0.334227 3.25225 1.93529
-0.334227 3.25225 1.93529
-0.334227 3.25225 1.93529
-0.334227 3.25225 1.93529
-0.334227 3.25225 1.93529
-0.342748 3.27367 1.961
-0.342748 3.27367 1.961
-0.342748 3.27367 1.961
-0.342748 3.27367 1.961
-0.342748 3.27367 1.961
-0.342748 3.27367 1.961
-0.342748 3.27367 1.961
-0.342748 3.27367 1.961
-0.342748 3.27367 1.961
-0.342748 3.27367 1.961
-0.355393 3.30294 1.99366
-0.355393 3.30294 1.99366
-0.355393 3.30294 1.99366
-0.355393 3.30294 1.99366
-0.355393 3.30294 1.99366
-0.355393 3.30294 1.99366
-0.355393 3.30294 1.99366
-0.355393 3.30294 1.99366
-0.355393 3.30294 1.99366
-0.355393 3.30294 1.99366
-0.365218 3.32407 2.01518
-0.365218 3.32407 2.01518
-0.365218 3.32407 2.01518
-0.365218 3.32407 2.01518
-0.365218 3.32407 2.01518
-0.365218 3.32407 2.01518
-0.365218 3.32407 2.01518
-0.365218 3.32407 2.01518
-0.365218 3.32407 2.01518
-0.365218 3.32407 2.01518
-0.379484 3.35293 2.04225
-0.379484 3.35293 2.04225
-0.379484 3.35293 2.04225
-0.379484 3.35293 2.04225
-0.379484 3.35293 2.04225
-0.379484 3.35293 2.04225
-0.379484 3.35293 2.04225
-0.379484 3.35293 2.04225
-0.379484 3.35293 2.04225
-0.379484 3.35293 2.04225
-0.391757 3.3764 2.06181
-0.391757 3.3764 2.06181
-0.391757 3.3764 2.06181
-0.391757 3.3764 2.06181
-0.391757 3.3764 2.06181
-0.391757 3.3764 2.06181
-0.391757 3.3764 2.06181
-0.391757 3.3764 2.06181
-0.391757 3.3764 2.06181
-0.391757 3.3764 2.06181
-0.407396 3.40483 2.08391
-0.407396 3.40483 2.08391
-0.407396 3.40483 2.08391
-0.407396 3.40483 2.08391
-0.407396 3.40483 2.08391
-0.407396 3.40483 2.08391
-0.407396 3.40483 2.08391
-0.407396 3.40483 2.08391
-0.407396 3.40483 2.08391
-0.407396 3.40483 2.08391
-0.426699 3.43816 2.10635
-0.426699 3.43816 2.10635
-0.426699 3.43816 2.10635
-0.426699 3.43816 2.10635
-0.426699 3.43816 2.10635
-0.426699 3.43816 2.10635
-0.426699 3.43816 2.10635
-0.426699 3.43816 2.10635
-0.426699 3.43816 2.10635
-0.426699 3.43816 2.10635
-0.435868 3.45344 2.11568
-0.435868 3.45344 2.11568
-0.435868 3.45344 2.11568
-0.435868 3.45344 2.11568
-0.435868 3.45344 2.11568
-0.435868 3.45344 2.11568
-0.435868 3.45344 2.11568
-0.435868 3.45344 2.11568
-0.435868 3.45344 2.11568
-0.435868 3.45344 2.11568
-0.456229 3.48632 2.13426
-0.456229 3.48632 2.13426
-0.456229 3.48632 2.13426
-0.456229 3.48632 2.13426
-0.456229 3.48632 2.13426
-0.456229 3.48632 2.13426
-0.456229 3.48632 2.13426
-0.456229 3.48632 2.13426
-0.456229 3.48632 2.13426
-0.456229 3.48632 2.13426
-0.47231 3.5114 2.14691
-0.47231 3.5114 2.14691
-0.47231 3.5114 2.14691
-0.47231 3.5114 2.14691
-0.47231 3.5114 2.14691
-0.47231 3.5114 2.14691
-0.47231 3.5114 2.14691
-0.47231 3.5114 2.14691
-0.47231 3.5114 2.14691
-0.47231 3.5114 2.14691
-0.487045 3.53385 2.15718
-0.487045 3.53385 2.15718
-0.487045 3.53385 2.15718
-0.487045 3.53385 2.15718
-0.487045 3.53385 2.15718
-0.487045 3.53385 2.15718
-0.487045 3.53385 2.15718
-0.487045 3.53385 2.15718
-0.487045 3.53385 2.15718
-0.487045 3.53385 2.15718
-0.503686 3.55866 2.16741
-0.503686 3.55866 2.16741
-0.503686 3.55866 2.16741
-0.503686 3.55866 2.16741
-0.503686 3.55866 2.16741
-0.503686 3.55866 2.16741
-0.503686 3.55866 2.16741
-0.503686 3.55866 2.16741
-0.503686 3.55866 2.16741
-0.503686 3.55866 2.16741
-0.517179 3.57841 2.17484
-0.517179 3.57841 2.17484
-0.517179 3.57841 2.17484
-0.517179 3.57841 2.17484
-0.517179 3.57841 2.17484
-0.517179 3.57841 2.17484
-0.517179 3.57841 2.17484
-0.517179 3.57841 2.17484
-0.517179 3.57841 2.17484
-0.517179 3.57841 2.17484
-0.535967 3.60543 2.18416
-0.535967 3.60543 2.18416
-0.535967 3.60543 2.18416
-0.535967 3.60543 2.18416
-0.535967 3.60543 2.18416
-0.535967 3.60543 2.18416
-0.535967 3.60543 2.18416
-0.535967 3.60543 2.18416
-0.535967 3.60543 2.18416
-0.535967 3.60543 2.18416
-0.558491 3.63718 2.19357
-0.558491 3.63718 2.19357
-0.558491 3.63718 2.19357
-0.558491 3.63718 2.19357
-0.558491 3.63718 2.19357
-0.558491 3.63718 2.19357
-0.558491 3.63718 2.19357
-0.558491 3.63718 2.19357
-0.558491 3.63718 2.19357
-0.558491 3.63718 2.19357
-0.57602 3.66148 2.2
-0.57602 3.66148 2.2
-0.57602 3.66148 2.2
-0.57602 3.66148 2.2
-0.57602 3.66148 2.2
-0.57602 3.66148 2.2
-0.57602 3.66148 2.2
-0.57602 3.66148 2.2
-0.57602 3.66148 2.2
-0.57602 3.66148 2.2
-0.590155 3.68086 2.20456
-0.590155 3.68086 2.20456
-0.590155 3.68086 2.20456
-0.590155 3.68086 2.20456
-0.590155 3.68086 2.20456
-0.590155 3.68086 2.20456
-0.590155 3.68086 2.20456
-0.590155 3.68086 2.20456
-0.590155 3.68086 2.20456
-0.590155 3.68086 2.20456
-0.607951 3.70499 2.20979
-0.607951 3.70499 2.20979
-0.607951 3.70499 2.20979
-0.607951 3.70499 2.20979
-0.607951 3.70499 2.20979
-0.607951 3.70499 2.20979
-0.607951 3.70499 2.20979
-0.607951 3.70499 2.20979
-0.607951 3.70499 2.20979
-0.607951 3.70499 2.20979
-0.625875 3.72904 2.21433
-0.625875 3.72904 2.21433
-0.625875 3.72904 2.21433
-0.625875 3.72904 2.21433
-0.625875 3.72904 2.21433
-0.625875 3.72904 2.21433
-0.625875 3.72904 2.21433
-0.625875 3.72904 2.21433
-0.625875 3.72904 2.21433
-0.625875 3.72904 2.21433
-0.640292 3.74823 2.21758
-0.640292 3.74823 2.21758
-0.640292 3.74823 2.21758
-0.640292 3.74823 2.21758
-0.640292 3.74823 2.21758
-0.640292 3.74823 2.21758
-0.640292 3.74823 2.21758
-0.640292 3.74823 2.21758
-0.640292 3.74823 2.21758
-0.640292 3.74823 2.21758
-0.657095 3.77071 2.21907
-0.657095 3.77071 2.21907
-0.657095 3.77071 2.21907
-0.657095 3.77071 2.21907
-0.657095 3.77071 2.21907
-0.657095 3.77071 2.21907
-0.657095 3.77071 2.21907
-0.657095 3.77071 2.21907
-0.657095 3.77071 2.21907
-0.657095 3.77071 2.21907
-0.669646 3.78798 2.16325
-0.669646 3.78798 2.16325
-0.669646 3.78798 2.16325
-0.669646 3.78798 2.16325
-0.669646 3.78798 2.16325
-0.669646 3.78798 2.16325
-0.669646 3.78798 2.16325
-0.669646 3.78798 2.16325
-0.669646 3.78798 2.16325
-0.669646 3.78798 2.16325
-0.685533 3.81331 2.09171
-0.685533 3.81331 2.09171
-0.685533 3.81331 2.09171
-0.685533 3.81331 2.09171
-0.685533 3.81331 2.09171
-0.685533 3.81331 2.09171
-0.685533 3.81331 2.09171
-0.685533 3.81331 2.09171
-0.685533 3.81331 2.09171
-0.685533 3.81331 2.09171
-0.699971 3.83831 2.10692
-0.699971 3.83831 2.10692
-0.699971 3.83831 2.10692
-0.699971 3.83831 2.10692
-0.699971 3.83831 2.10692
-0.699971 3.83831 2.10692
-0.699971 3.83831 2.10692
-0.699971 3.83831 2.10692
-0.699971 3.83831 2.10692
-0.699971 3.83831 2.10692
-0.71371 3.86097 2.12643
-0.71371 3.86097 2.12643
-0.71371 3.86097 2.12643
-0.71371 3.86097 2.12643
-0.71371 3.86097 2.12643
-0.71371 3.86097 2.12643
-0.71371 3.86097 2.12643
-0.71371 3.86097 2.12643
-0.71371 3.86097 2.12643
-0.71371 3.86097 2.12643
-0.729544 3.88591 2.14566
-0.729544 3.88591 2.14566
-0.729544 3.88591 2.14566
-0.729544 3.88591 2.14566
-0.729544 3.88591 2.14566
-0.729544 3.88591 2.14566
-0.729544 3.88591 2.14566
-0.729544 3.88591 2.14566
-0.729544 3.88591 2.14566
-0.729544 3.88591 2.14566
-0.744224 3.90818 2.16136
-0.744224 3.90818 2.16136
-0.744224 3.90818 2.16136
-0.744224 3.90818 2.16136
-0.744224 3.90818 2.16136
-0.744224 3.90818 2.16136
-0.744224 3.90818 2.16136
-0.744224 3.90818 2.16136
-0.744224 3.90818 2.16136
-0.744224 3.90818 2.16136
-0.760963 3.93271 2.17685
-0.760963 3.93271 2.17685
-0.760963 3.93271 2.17685
-0.760963 3.93271 2.17685
-0.760963 3.93271 2.17685
-0.760963 3.93271 2.17685
-0.760963 3.93271 2.17685
-0.760963 3.93271 2.17685
-0.760963 3.93271 2.17685
-0.760963 3.93271 2.17685
-0.774636 3.9522 2.1879
-0.774636 3.9522 2.1879
-0.774636 3.9522 2.1879
-0.774636 3.9522 2.1879
-0.774636 3.9522 2.1879
-0.774636 3.9522 2.1879
-0.774636 3.9522 2.1879
-0.774636 3.9522 2.1879
-0.774636 3.9522 2.1879
-0.774636 3.9522 2.1879
-0.793793 3.97882 2.20127
-0.793793 3.97882 2.20127
-0.793793 3.97882 2.20127
-0.793793 3.97882 2.20127
-0.793793 3.97882 2.20127
-0.793793 3.97882 2.20127
-0.793793 3.97882 2.20127
-0.793793 3.97882 2.20127
-0.793793 3.97882 2.20127
-0.793793 3.97882 2.20127
-0.814392 4.00702 2.19817
-0.814392 4.00702 2.19817
-0.814392 4.00702 2.19817
-0.814392 4.00702 2.19817
-0.814392 4.00702 2.19817
-0.814392 4.00702 2.19817
-0.814392 4.00702 2.19817
-0.814392 4.00702 2.19817
-0.814392 4.00702 2.19817
-0.814392 4.00702 2.19817
-0.826085 4.02412 2.1328
-0.826085 4.02412 2.1328
-0.826085 4.02412 2.1328
-0.826085 4.02412 2.1328
-0.826085 4.02412 2.1328
-0.826085 4.02412 2.1328
-0.826085 4.02412 2.1328
-0.826085 4.02412 2.1328
-0.826085 4.02412 2.1328
-0.826085 4.02412 2.1328
-0.835603 4.03976 2.08851
-0.835603 4.03976 2.08851
-0.835603 4.03976 2.08851
-0.835603 4.03976 2.08851
-0.835603 4.03976 2.08851
-0.835603 4.03976 2.08851
-0.835603 4.03976 2.08851
-0.835603 4.03976 2.08851
-0.835603 4.03976 2.08851
-0.835603 4.03976 2.08851
-0.850897 4.06659 2.10267
-0.850897 4.06659 2.10267
-0.850897 4.06659 2.10267
-0.850897 4.06659 2.10267
-0.850897 4.06659 2.10267
-0.850897 4.06659 2.10267
-0.850897 4.06659 2.10267
-0.850897 4.06659 2.10267
-0.850897 4.06659 2.10267
-0.850897 4.06659 2.10267
-0.862918 4.08654 2.12446
-0.862918 4.08654 2.12446
-0.862918 4.08654 2.12446
-0.862918 4.08654 2.12446
-0.862918 4.08654 2.12446
-0.862918 4.08654 2.12446
-0.862918 4.08654 2.12446
-0.862918 4.08654 2.12446
-0.862918 4.08654 2.12446
-0.862918 4.08654 2.12446
-0.885096 4.12105 2.15826
-0.885096 4.12105 2.15826
-0.885096 4.12105 2.15826
-0.885096 4.12105 2.15826
-0.885096 4.12105 2.15826
-0.885096 4.12105 2.15826
-0.885096 4.12105 2.15826
-0.885096 4.12105 2.15826
-0.885096 4.12105 2.15826
-0.885096 4.12105 2.15826
-0.894988 4.13568 2.1711
-0.894988 4.13568 2.1711
-0.894988 4.13568 2.1711
-0.894988 4.13568 2.1711
-0.894988 4.13568 2.1711
-0.894988 4.13568 2.1711
-0.894988 4.13568 2.1711
-0.894988 4.13568 2.1711
-0.894988 4.13568 2.1711
-0.894988 4.13568 2.1711
-0.918846 4.16954 2.19663
-0.918846 4.16954 2.19663
-0.918846 4.16954 2.19663
-0.918846 4.16954 2.19663
-0.918846 4.16954 2.19663
-0.918846 4.16954 2.19663
-0.918846 4.16954 2.19663
-0.918846 4.16954 2.19663
-0.918846 4.16954 2.19663
-0.918846 4.16954 2.19663
-0.934664 4.19109 2.21054
-0.934664 4.19109 2.21054
-0.934664 4.19109 2.21054
-0.934664 4.19109 2.21054
-0.934664 4.19109 2.21054
-0.934664 4.19109 2.21054
-0.934664 4.19109 2.21054
-0.934664 4.19109 2.21054
-0.934664 4.19109 2.21054
-0.934664 4.19109 2.21054
-0.954415 4.21721 2.22555
-0.954415 4.21721 2.22555
-0.954415 4.21721 2.22555
-0.954415 4.21721 2.22555
-0.954415 4.21721 2.22555
-0.954415 4.21721 2.22555
-0.954415 4.21721 2.22555
-0.954415 4.21721 2.22555
-0.954415 4.21721 2.22555
-0.954415 4.21721 2.22555
-0.969035 4.23607 2.23499
-0.969035 4.23607 2.23499
-0.969035 4.23607 2.23499
-0.969035 4.23607 2.23499
-0.969035 4.23607 2.23499
-0.969035 4.23607 2.23499
-0.969035 4.23607 2.23499
-0.969035 4.23607 2.23499
-0.969035 4.23607 2.23499
-0.969035 4.23607 2.23499
-0.989427 4.26182 2.2465
-0.989427 4.26182 2.2465
-0.989427 4.26182 2.2465
-0.989427 4.26182 2.2465
-0.989427 4.26182 2.2465
-0.989427 4.26182 2.2465
-0.989427 4.26182 2.2465
-0.989427 4.26182 2.2465
-0.989427 4.26182 2.2465
-0.989427 4.26182 2.2465
-1.00444 4.28045 2.25367
-1.00444 4.28045 2.25367
-1.00444 4.28045 2.25367
-1.00444 4.28045 2.25367
-1.00444 4.28045 2.25367
-1.00444 4.28045 2.25367
-1.00444 4.28045 2.25367
-1.00444 4.28045 2.25367
-1.00444 4.28045 2.25367
-1.00444 4.28045 2.25367
-1.02531 4.30592 2.26206
-1.02531 4.30592 2.26206
-1.02531 4.30592 2.26206
-1.02531 4.30592 2.26206
-1.02531 4.30592 2.26206
-1.02531 4.30592 2.26206
-1.02531 4.30592 2.26206
-1.02531 4.30592 2.26206
-1.02531 4.30592 2.26206
-1.02531 4.30592 2.26206
-1.04061 4.32437 2.2672
-1.04061 4.32437 2.2672
-1.04061 4.32437 2.2672
-1.04061 4.32437 2.2672
-1.04061 4.32437 2.2672
-1.04061 4.32437 2.2672
-1.04061 4.32437 2.2672
-1.04061 4.32437 2.2672
-1.04061 4.32437 2.2672
-1.04061 4.32437 2.2672
-1.06763 4.35649 2.27458
-1.06763 4.35649 2.27458
-1.06763 4.35649 2.27458
-1.06763 4.35649 2.27458
-1.06763 4.35649 2.27458
-1.06763 4.35649 2.27458
-1.06763 4.35649 2.27458
-1.06763 4.35649 2.27458
-1.06763 4.35649 2.27458
-1.06763 4.35649 2.27458
-1.08513 4.37706 2.27825
-1.08513 4.37706 2.27825
-1.08513 4.37706 2.27825
-1.08513 4.37706 2.27825
-1.08513 4.37706 2.27825
-1.08513 4.37706 2.27825
-1.08513 4.37706 2.27825
-1.08513 4.37706 2.27825
-1.08513 4.37706 2.27825
-1.08513 4.37706 2.27825
-1.10661 4.40213 2.28176
-1.10661 4.40213 2.28176
-1.10661 4.40213 2.28176
-1.10661 4.40213 2.28176
-1.10661 4.40213 2.28176
-1.10661 4.40213 2.28176
-1.10661 4.40213 2.28176
-1.10661 4.40213 2.28176
-1.10661 4.40213 2.28176
-1.10661 4.40213 2.28176
-1.12426 4.42259 2.2839
-1.12426 4.42259 2.2839
-1.12426 4.42259 2.2839
-1.12426 4.42259 2.2839
-1.12426 4.42259 2.2839
-1.12426 4.42259 2.2839
-1.12426 4.42259 2.2839
-1.12426 4.42259 2.2839
-1.12426 4.42259 2.2839
-1.12426 4.42259 2.2839
-1.14392 4.44529 2.28565
-1.14392 4.44529 2.28565
-1.14392 4.44529 2.28565
-1.14392 4.44529 2.28565
-1.14392 4.44529 2.28565
-1.14392 4.44529 2.28565
-1.14392 4.44529 2.28565
-1.14392 4.44529 2.28565
-1.14392 4.44529 2.28565
-1.14392 4.44529 2.28565
-1.16164 4.46571 2.28672
-1.16164 4.46571 2.28672
-1.16164 4.46571 2.28672
-1.16164 4.46571 2.28672
-1.16164 4.46571 2.28672
-1.16164 4.46571 2.28672
-1.16164 4.46571 2.28672
-1.16164 4.46571 2.28672
-1.16164 4.46571 2.28672
-1.16164 4.46571 2.28672
-1.18137 4.48837 2.28737
-1.18137 4.48837 2.28737
-1.18137 4.48837 2.28737
-1.18137 4.48837 2.28737
-1.18137 4.48837 2.28737
-1.18137 4.48837 2.28737
-1.18137 4.48837 2.28737
-1.18137 4.48837 2.28737
-1.18137 4.48837 2.28737
-1.18137 4.48837 2.28737
-1.20307 4.51329 2.28759
-1.20307 4.51329 2.28759
-1.20307 4.51329 2.28759
-1.20307 4.51329 2.28759
-1.20307 4.51329 2.28759
-1.20307 4.51329 2.28759
-1.20307 4.51329 2.28759
-1.20307 4.51329 2.28759
-1.20307 4.51329 2.28759
-1.20307 4.51329 2.28759
-1.21886 4.53142 2.28738
-1.21886 4.53142 2.28738
-1.21886 4.53142 2.28738
-1.21886 4.53142 2.28738
-1.21886 4.53142 2.28738
-1.21886 4.53142 2.28738
-1.21886 4.53142 2.28738
-1.21886 4.53142 2.28738
-1.21886 4.53142 2.28738
-1.21886 4.53142 2.28738
-1.24057 4.55635 2.28676
-1.24057 4.55635 2.28676
-1.24057 4.55635 2.28676
-1.24057 4.55635 2.28676
-1.24057 4.55635 2.28676
-1.24057 4.55635 2.28676
-1.24057 4.55635 2.28676
-1.24057 4.55635 2.28676
-1.24057 4.55635 2.28676
-1.24057 4.55635 2.28676
-1.25634 4.57449 2.28606
-1.25634 4.57449 2.28606
-1.25634 4.57449 2.28606
-1.25634 4.57449 2.28606
-1.25634 4.57449 2.28606
-1.25634 4.57449 2.28606
-1.25634 4.57449 2.28606
-1.25634 4.57449 2.28606
-1.25634 4.57449 2.28606
-1.25634 4.57449 2.28606
-1.27801 4.59946 2.28485
-1.27801 4.59946 2.28485
-1.27801 4.59946 2.28485
-1.27801 4.59946 2.28485
-1.27801 4.59946 2.28485
-1.27801 4.59946 2.28485
-1.27801 4.59946 2.28485
-1.27801 4.59946 2.28485
-1.27801 4.59946 2.28485
-1.27801 4.59946 2.28485
-1.30357 4.629 2.28298
-1.30357 4.629 2.28298
-1.30357 4.629 2.28298
-1.30357 4.629 2.28298
-1.30357 4.629 2.28298
-1.30357 4.629 2.28298
-1.30357 4.629 2.28298
-1.30357 4.629 2.28298
-1.30357 4.629 2.28298
-1.30357 4.629 2.28298
-1.31536 4.64266 2.28203
-1.31536 4.64266 2.28203
-1.31536 4.64266 2.28203
-1.31536 4.64266 2.28203
-1.31536 4.64266 2.28203
-1.31536 4.64266 2.28203
-1.31536 4.64266 2.28203
-1.31536 4.64266 2.28203
-1.31536 4.64266 2.28203
-1.31536 4.64266 2.28203
-1.34084 4.67228 2.27978
-1.34084 4.67228 2.27978
-1.34084 4.67228 2.27978
-1.34084 4.67228 2.27978
-1.34084 4.67228 2.27978
-1.34084 4.67228 2.27978
-1.34084 4.67228 2.27978
-1.34084 4.67228 2.27978
-1.34084 4.67228 2.27978
-1.34084 4.67228 2.27978
-1.36039 4.69511 2.27792
-1.36039 4.69511 2.27792
-1.36039 4.69511 2.27792
-1.36039 4.69511 2.27792
-1.36039 4.69511 2.27792
-1.36039 4.69511 2.27792
-1.36039 4.69511 2.27792
-1.36039 4.69511 2.27792
-1.36039 4.69511 2.27792
-1.36039 4.69511 2.27792
-1.37795 4.71568 2.27615
-1.37795 4.71568 2.27615
-1.37795 4.71568 2.27615
-1.37795 4.71568 2.27615
-1.37795 4.71568 2.27615
-1.37795 4.71568 2.27615
-1.37795 4.71568 2.27615
-1.37795 4.71568 2.27615
-1.37795 4.71568 2.27615
-1.37795 4.71568 2.27615
-1.39742 4.73858 2.27411
-1.39742 4.73858 2.27411
-1.39742 4.73858 2.27411
-1.39742 4.73858 2.27411
-1.39742 4.73858 2.27411
-1.39742 4.73858 2.27411
-1.39742 4.73858 2.27411
-1.39742 4.73858 2.27411
-1.39742 4.73858 2.27411
-1.39742 4.73858 2.27411
-1.41491 4.75922 2.27226
-1.41491 4.75922 2.27226
-1.41491 4.75922 2.27226
-1.41491 4.75922 2.27226
-1.41491 4.75922 2.27226
-1.41491 4.75922 2.27226
-1.41491 4.75922 2.27226
-1.41491 4.75922 2.27226
-1.41491 4.75922 2.27226
-1.41491 4.75922 2.27226
-1.43622 4.7845 2.26996
-1.43622 4.7845 2.26996
-1.43622 4.7845 2.26996
-1.43622 4.7845 2.26996
-1.43622 4.7845 2.26996
-1.43622 4.7845 2.26996
-1.43622 4.7845 2.26996
-1.43622 4.7845 2.26996
-1.43622 4.7845 2.26996
-1.43622 4.7845 2.26996
-1.45169 4.80291 2.26826
-1.45169 4.80291 2.26826
-1.45169 4.80291 2.26826
-1.45169 4.80291 2.26826
-1.45169 4.80291 2.26826
-1.45169 4.80291 2.26826
-1.45169 4.80291 2.26826
-1.45169 4.80291 2.26826
-1.45169 4.80291 2.26826
-1.45169 4.80291 2.26826
-1.4729 4.82827 2.26594
-1.4729 4.82827 2.26594
-1.4729 4.82827 2.26594
-1.4729 4.82827 2.26594
-1.4729 4.82827 2.26594
-1.4729 4.82827 2.26594
-1.4729 4.82827 2.26594
-1.4729 4.82827 2.26594
-1.4729 4.82827 2.26594
-1.4729 4.82827 2.26594
-1.4979 4.8583 2.26325
-1.4979 4.8583 2.26325
-1.4979 4.8583 2.26325
-1.4979 4.8583 2.26325
-1.4979 4.8583 2.26325
-1.4979 4.8583 2.26325
-1.4979 4.8583 2.26325
-1.4979 4.8583 2.26325
-1.4979 4.8583 2.26325
-1.4979 4.8583 2.26325
-1.5094 4.87219 2.262
-1.5094 4.87219 2.262
-1.5094 4.87219 2.262
-1.5094 4.87219 2.262
-1.5094 4.87219 2.262
-1.5094 4.87219 2.262
-1.5094 4.87219 2.262
-1.5094 4.87219 2.262
-1.5094 4.87219 2.262
-1.5094 4.87219 2.262
-1.53619 4.90464 2.25918
-1.53619 4.90464 2.25918
-1.53619 4.90464 2.25918
-1.53619 4.90464 2.25918
-1.53619 4.90464 2.25918
-1.53619 4.90464 2.25918
-1.53619 4.90464 2.25918
-1.53619 4.90464 2.25918
-1.53619 4.90464 2.25918
-1.53619 4.90464 2.25918
-1.54955 4.92089 2.25781
-1.54955 4.92089 2.25781
-1.54955 4.92089 2.25781
-1.54955 4.92089 2.25781
-1.54955 4.92089 2.25781
-1.54955 4.92089 2.25781
-1.54955 4.92089 2.25781
-1.54955 4.92089 2.25781
-1.54955 4.92089 2.25781
-1.54955 4.92089 2.25781
-1.57431 4.95113 2.25534
-1.57431 4.95113 2.25534
-1.57431 4.95113 2.25534
-1.57431 4.95113 2.25534
-1.57431 4.95113 2.25534
-1.57431 4.95113 2.25534
-1.57431 4.95113 2.25534
-1.57431 4.95113 2.25534
-1.57431 4.95113 2.25534
-1.57431 4.95113 2.25534
-1.5895 4.96976 2.25388
-1.5895 4.96976 2.25388
-1.5895 4.96976 2.25388
-1.5895 4.96976 2.25388
-1.5895 4.96976 2.25388
-1.5895 4.96976 2.25388
-1.5895 4.96976 2.25388
-1.5895 4.96976 2.25388
-1.5895 4.96976 2.25388
-1.5895 4.96976 2.25388
-1.61035 4.99542 2.25191
-1.61035 4.99542 2.25191
-1.61035 4.99542 2.25191
-1.61035 4.99542 2.25191
-1.61035 4.99542 2.25191
-1.61035 4.99542 2.25191
-1.61035 4.99542 2.25191
-1.61035 4.99542 2.25191
-1.61035 4.99542 2.25191
-1.61035 4.99542 2.25191
-1.62548 5.01411 2.25055
-1.62548 5.01411 2.25055
-1.62548 5.01411 2.25055
-1.62548 5.01411 2.25055
-1.62548 5.01411 2.25055
-1.62548 5.01411 2.25055
-1.62548 5.01411 2.25055
-1.62548 5.01411 2.25055
-1.62548 5.01411 2.25055
-1.62548 5.01411 2.25055
-1.64625 5.03983 2.24877
-1.64625 5.03983 2.24877
-1.64625 5.03983 2.24877
-1.64625 5.03983 2.24877
-1.64625 5.03983 2.24877
-1.64625 5.03983 2.24877
-1.64625 5.03983 2.24877
-1.64625 5.03983 2.24877
-1.64625 5.03983 2.24877
-1.64625 5.03983 2.24877
-1.6632 5.06091 2.24737
-1.6632 5.06091 2.24737
-1.6632 5.06091 2.24737
-1.6632 5.06091 2.24737
-1.6632 5.06091 2.24737
-1.6632 5.06091 2.24737
-1.6632 5.06091 2.24737
-1.6632 5.06091 2.24737
-1.6632 5.06091 2.24737
-1.6632 5.06091 2.24737
-1.68201 5.08435 2.24591
-1.68201 5.08435 2.24591
-1.68201 5.08435 2.24591
-1.68201 5.08435 2.24591
-1.68201 5.08435 2.24591
-1.68201 5.08435 2.24591
-1.68201 5.08435 2.24591
-1.68201 5.08435 2.24591
-1.68201 5.08435 2.24591
-1.68201 5.08435 2.24591
-1.7064 5.11487 2.24413
-1.7064 5.11487 2.24413
-1.7064 5.11487 2.24413
-1.7064 5.11487 2.24413
-1.7064 5.11487 2.24413
-1.7064 5.11487 2.24413
-1.7064 5.11487 2.24413
-1.7064 5.11487 2.24413
-1.7064 5.11487 2.24413
-1.7064 5.11487 2.24413
-1.71765 5.12897 2.24337
-1.71765 5.12897 2.24337
-1.71765 5.12897 2.24337
-1.71765 5.12897 2.24337
-1.71765 5.12897 2.24337
-1.71765 5.12897 2.24337
-1.71765 5.12897 2.24337
-1.71765 5.12897 2.24337
-1.71765 5.12897 2.24337
-1.71765 5.12897 2.24337
-1.73823 5.15484 2.24202
-1.73823 5.15484 2.24202
-1.73823 5.15484 2.24202
-1.73823 5.15484 2.24202
-1.73823 5.15484 2.24202
-1.73823 5.15484 2.24202
-1.73823 5.15484 2.24202
-1.73823 5.15484 2.24202
-1.73823 5.15484 2.24202
-1.73823 5.15484 2.24202
-1.75504 5.17603 2.241
-1.75504 5.17603 2.241
-1.75504 5.17603 2.241
-1.75504 5.17603 2.241
-1.75504 5.17603 2.241
-1.75504 5.17603 2.241
-1.75504 5.17603 2.241
-1.75504 5.17603 2.241
-1.75504 5.17603 2.241
-1.75504 5.17603 2.241
